Time(ms)	Pres(dbar)	Temp(C)	Cond(S/m)	Sal(PSU)
2000	32.809000	41.829000	4.730220	22.096772
3250	32.927000	27.376600	4.730410	29.208542
4750	33.399000	33.714700	4.730370	25.667787
6000	33.056000	30.436400	4.733320	27.421425
7250	32.358000	44.332500	4.733710	21.183367
8500	32.413000	29.757500	4.734390	27.813014
9750	32.560000	29.707000	4.734220	27.840831
11250	32.142000	30.563800	4.737570	27.377892
12500	31.940000	40.568900	4.737670	22.632578
13750	31.683000	52.078200	4.737770	18.717799
15000	31.815000	30.170200	4.738540	27.605299
16500	31.800000	32.782500	4.739570	26.198599
17750	31.561000	38.771600	4.739850	23.388047
19000	31.281000	42.586900	4.740740	21.861590
20250	31.095000	35.721300	4.740570	24.756033
21500	30.982000	34.082000	4.741660	25.553364
23000	31.337000	24.730200	4.742440	31.026151
24250	30.569000	40.452500	4.742380	22.704748
25500	30.404000	41.526900	4.743230	22.282221
26750	30.268000	30.217000	4.743080	27.608695
28250	30.201000	34.256100	4.743720	25.479795
29500	30.325000	29.685900	4.744300	27.919671
30750	29.324000	55.151500	4.744330	17.900333
32000	29.184000	39.355100	4.745170	23.171214
33250	28.981000	33.883700	4.745380	25.674799
34750	29.079000	32.892400	4.745840	26.180951
36000	28.646000	30.799300	4.746490	27.305093
37250	27.737000	47.248600	4.746790	20.244975
38500	27.989000	30.914300	4.747960	27.251015
39750	27.525000	30.554500	4.749170	27.458940
41250	27.464000	30.229600	4.750120	27.647937
42500	26.901000	39.001100	4.750920	23.351973
43750	26.578000	43.212600	4.752100	21.685369
45000	26.658000	35.452000	4.752080	24.951146
46500	27.016000	28.078200	4.752800	28.930752
47750	26.184000	43.217500	4.754510	21.695815
49000	25.843000	48.265600	4.756520	19.959999
50250	25.786000	33.026700	4.757670	26.185010
51500	25.569000	35.258500	4.758750	25.082713
53000	25.774000	23.104400	4.760830	32.319652
54250	24.835000	40.323900	4.761010	22.857112
55500	24.557000	40.547600	4.761490	22.768859
56750	24.367000	31.153000	4.763140	27.217228
58250	24.558000	29.598600	4.764330	28.103241
59500	24.574000	33.915900	4.766830	25.788884
60750	23.453000	56.372700	4.769770	17.688086
62000	23.364000	35.237900	4.779390	25.214265
63250	23.370000	34.165700	4.783960	25.767181
64750	23.433000	31.824300	4.783590	26.981062
66000	22.657000	34.412900	4.788540	25.671743
67250	22.190000	46.382600	4.790820	20.746383
68500	22.102000	32.255600	4.801160	26.859692
70000	22.346000	24.172800	4.807150	31.896213
71250	21.922000	32.714500	4.817530	26.717565
72500	21.414000	43.307600	4.830070	22.045837
73750	21.362000	34.322700	4.835760	25.999661
75000	20.942000	35.092500	4.851230	25.708851
76500	21.418000	25.014800	4.859230	31.685505
77750	20.630000	52.100600	4.861230	19.253682
79000	20.348000	50.214800	4.860160	19.820312
80250	20.313000	31.739200	4.862290	27.524526
81750	20.253000	31.208700	4.869380	27.865314
83000	20.282000	25.337200	4.875440	31.579160
84250	19.574000	53.039900	4.877470	19.050494
85500	19.769000	34.162900	4.886610	26.386627
86750	19.428000	29.373400	4.899580	29.132776
88250	19.491000	26.662400	4.902230	30.870246
89500	18.876000	40.501700	4.905380	23.555741
90750	18.548000	56.460100	4.907600	18.232233
92000	18.557000	32.921100	4.908860	27.173038
93500	18.526000	28.954100	4.915020	29.491771
94750	18.639000	36.596700	4.917540	25.367902
96000	17.744000	52.949000	4.904270	19.193200
97250	17.709000	37.544700	4.930050	24.994446
98500	17.325000	32.753100	4.939310	27.452529
100000	17.556000	20.866600	4.942460	35.496646
101250	17.120000	43.352900	4.943420	22.604902
102500	16.404000	55.154200	4.944750	18.740361
103750	16.525000	34.405500	4.949900	26.643474
105250	16.540000	35.413100	4.949730	26.132004
106500	16.268000	41.373600	4.950540	23.433263
107750	15.615000	79.655700	4.956200	13.733692
109000	15.443000	48.476300	4.956900	20.826069
110250	15.029000	35.230700	4.961450	26.292742
111750	15.579000	37.320000	4.963830	25.291010
113000	15.176000	44.532200	4.961900	22.248226
114250	14.426000	72.278300	4.925070	14.849355
115500	14.547000	41.025500	4.963900	23.648714
117000	14.074000	38.791100	4.967270	24.634993
118250	14.263000	52.569400	4.968480	19.585204
119500	13.618000	76.650000	4.968190	14.243617
120750	13.349000	57.491500	4.969230	18.213378
122000	13.529000	44.075100	4.968470	22.454388
123500	13.218000	46.191100	4.970750	21.683264
124750	13.166000	77.433500	4.970080	14.123082
126000	12.322000	83.789800	4.972450	13.182022
127250	12.192000	47.133800	4.975560	21.373117
128500	12.335000	49.047100	4.975560	20.723479
130000	11.999000	54.653100	4.977900	19.020746
131250	11.779000	96.123000	4.976770	11.686196
132500	11.570000	64.700800	4.973990	16.513803
133750	11.871000	46.919100	4.974690	21.444161
135250	12.031000	53.448700	4.971530	19.339229
136500	11.885000	76.924000	4.973010	14.214411
137750	11.686000	96.457200	4.970370	11.633990
139000	11.662000	51.769000	4.972170	19.843472
140250	11.917000	51.269700	4.970840	19.991142
141750	11.899000	63.520700	4.976290	16.782469
143000	11.073000	87.376500	4.985390	12.738968
144250	10.871000	70.730000	4.986680	15.340407
145500	10.525000	49.823600	4.986750	20.521191
147000	10.875000	49.119100	4.988240	20.758495
148250	10.429000	76.501600	4.986770	14.326876
149500	9.882000	78.007600	4.987790	14.087112
150750	10.065000	51.577000	4.989680	19.980273
152000	9.511000	47.113700	4.965410	21.332007
153500	9.736000	50.336100	4.994120	20.389916
154750	8.986000	66.743700	4.994750	16.155672
156000	8.724000	39.817100	4.996730	24.342656
157250	8.448000	42.859500	4.996860	23.073261
158750	8.451000	39.258900	4.997950	24.595730
160000	8.137000	39.256800	4.998110	24.597596
161250	7.370000	36.037600	4.999610	26.116232
162500	7.337000	34.413500	5.001030	26.948585
163750	7.112000	32.062100	5.001800	28.228162
165250	7.276000	36.721400	5.001990	25.795952
166500	6.470000	34.869600	4.997790	26.693553
167750	6.308000	22.202600	4.962380	34.569844
169000	5.978000	24.786200	5.004190	32.917591
170500	6.187000	33.221200	5.004060	27.601271
171750	5.678000	35.693800	5.006500	26.327739
173000	5.091000	25.938800	4.994250	32.022615
174250	4.482000	22.995300	5.007910	34.298414
175500	4.731000	30.150400	5.008640	29.387730
177000	4.507000	35.296400	5.007780	26.535632
178250	4.262000	31.847500	5.009540	28.399310
179500	3.863000	23.133300	5.007490	34.187893
180750	3.808000	26.501400	5.007080	31.725254
182250	4.049000	33.349500	5.009710	27.566989
183500	4.095000	34.786300	5.010620	26.813453
184750	3.630000	29.314000	5.010730	29.913850
186000	3.556000	22.107300	5.013950	35.051506
187250	3.477000	30.319000	5.012360	29.310971
188750	3.458000	37.302200	4.779470	24.256843
190000	3.168000	32.837700	5.014830	27.878246
191250	2.415000	23.044500	5.016280	34.325007
192500	2.544000	26.246600	5.016310	31.967168
194000	2.593000	33.857300	5.016880	27.338539
195250	2.314000	35.128000	5.017780	26.681024
196500	2.065000	27.462200	5.018730	31.158808
197750	1.560000	22.871100	5.020630	34.494745
199000	1.684000	28.793200	5.019830	30.302382
200500	1.949000	35.571100	5.019090	26.464048
201750	1.741000	35.150900	5.017750	26.669263
203000	1.498000	23.667400	5.017880	33.856507
204250	1.541000	25.637600	5.016740	32.397900
205750	1.846000	34.121400	5.016230	27.194672
207000	1.966000	35.709800	5.019500	26.396744
208250	1.557000	28.551100	5.020340	30.460051
209500	1.498000	23.691000	5.024640	33.889681
210750	1.739000	29.215800	5.025000	30.071011
212250	1.925000	34.766900	5.025370	26.912083
213500	1.741000	33.536000	5.025100	27.561178
214750	1.575000	26.123100	5.030140	32.152434
216000	1.487000	24.157700	5.031240	33.585715
217500	1.778000	33.195600	5.031700	27.786596
218750	1.895000	37.336000	5.030980	25.667731
220000	1.661000	28.965900	5.032190	30.276456
221250	1.394000	22.728600	5.039240	34.751393
222500	1.728000	28.726600	5.040560	30.485003
224000	1.917000	35.513000	5.039130	26.611465
225250	1.815000	33.236100	5.039940	27.815283
226500	1.490000	24.478200	5.039520	33.407774
227750	1.593000	24.296600	5.039850	33.545839
229250	1.830000	31.572500	5.038100	28.739211
230500	1.917000	35.291700	5.037200	26.712638
231750	1.642000	31.672600	5.036280	28.669886
233000	1.477000	21.568800	5.036180	35.669270
234250	1.735000	28.164800	5.036550	30.819859
235750	2.045000	36.449600	5.036590	26.129085
237000	1.845000	33.771300	5.042310	27.539698
238250	1.554000	24.794400	5.045920	33.221039
239500	1.593000	24.181200	5.050260	33.710506
240750	1.979000	32.261900	5.050110	28.420750
242250	1.957000	35.137200	5.054260	26.893040
243500	1.727000	30.053100	5.051300	29.728048
244750	1.613000	23.405800	5.052180	34.318686
246000	1.556000	26.778700	5.059570	31.907371
247500	1.920000	34.693500	5.057690	27.143799
248750	1.686000	35.735500	5.059940	26.621324
250000	1.562000	24.828300	5.061850	33.313714
251250	1.339000	23.361600	5.064130	34.444432
252500	1.777000	31.936500	5.061130	28.675928
254000	1.686000	34.987400	5.063580	27.025986
255250	1.558000	30.331500	5.062770	29.633900
256500	1.333000	22.240900	5.065130	35.345578
257750	1.543000	27.028500	5.064160	31.768691
259250	1.769000	33.486000	5.063940	27.826557
260500	1.660000	33.667700	5.064660	27.732225
261750	1.514000	27.435800	5.063190	31.486166
263000	1.258000	21.727800	5.066950	35.781995
264250	1.878000	30.971300	5.066580	29.274470
265750	2.008000	36.679800	5.067830	26.196540
267000	1.931000	30.515100	5.066340	29.546051
268250	1.611000	21.629200	5.067220	35.866088
269500	1.861000	26.442100	5.066470	32.189258
271000	2.320000	34.013200	5.064720	27.546272
272250	2.126000	34.165300	5.065660	27.470722
273500	1.870000	26.216100	5.063070	32.323073
274750	1.859000	24.539800	5.062850	33.535265
276000	2.101000	30.499200	5.062230	29.528775
277500	2.336000	35.396400	5.061920	26.805331
278750	2.032000	35.791000	5.063040	26.611409
280000	1.842000	23.684300	5.061940	34.177355
281250	1.912000	30.331300	5.063320	29.637539
282750	2.374000	35.858900	5.061000	26.565128
284000	2.283000	35.125500	5.061510	26.942097
285250	1.865000	31.167500	5.061700	29.126888
286500	1.939000	27.301600	5.060860	31.560161
287750	2.209000	32.508600	5.061700	28.354138
289250	2.356000	35.453400	5.060670	26.768813
290500	2.148000	34.669700	5.060030	27.170240
291750	1.854000	27.643500	5.060850	31.330782
293000	2.000000	25.888600	5.058810	32.523645
294500	2.346000	34.204100	5.060530	27.418944
295750	2.482000	37.572700	5.054480	25.688349
297000	1.944000	30.109400	5.057860	29.736787
298250	2.048000	26.794300	5.054400	31.859973
