Time(ms)	Pres(dbar)	Temp(C)	Cond(S/m)	Sal(PSU)
2250	22.998000	14.724900	4.752200	39.508603
3750	23.032000	28.977600	4.751910	28.385177
5000	22.990000	28.646200	4.750640	28.573826
6250	22.845000	8.400600	4.751730	46.916065
7500	22.795000	-17.325600	4.762570	121.212231
8750	22.783000	37.057000	4.765600	24.285665
10250	22.806000	29.374800	4.760590	28.209334
11500	22.541000	25.100000	4.764320	30.935030
12750	22.433000	-10.611100	4.761910	90.078144
14000	22.400000	8.560600	4.764480	46.843999
15500	22.530000	33.865100	4.761920	25.785147
16750	22.431000	24.957700	4.765140	31.038318
18000	22.333000	13.632200	4.765440	40.777097
20500	22.175000	15.336500	4.769280	39.050292
22000	22.292000	38.106500	4.769400	23.839988
23250	22.230000	27.770600	4.770960	29.245185
24500	22.195000	7.388100	4.767940	48.495428
25750	22.151000	14.164600	4.771060	40.266513
27000	22.256000	28.494400	4.770740	28.800572
28500	22.148000	28.884900	4.772480	28.577843
29750	22.098000	21.101600	4.773150	33.945583
31000	22.159000	-25.847400	4.773900	192.800635
32250	22.093000	14.584700	4.774380	39.860879
33750	22.294000	29.377500	4.771090	28.277358
35000	22.223000	29.180600	4.772780	28.404383
36250	22.062000	7.893000	4.772200	47.838747
37500	22.031000	-20.015500	4.772790	138.853727
38750	22.074000	37.244500	4.771190	24.232821
40250	22.007000	26.601800	4.771550	29.989529
41500	22.049000	29.662300	4.770590	28.108068
42750	21.894000	-9.361700	4.773410	85.887330
44000	21.933000	9.891000	4.771790	45.194938
45500	21.856000	34.187100	4.775840	25.708071
46750	22.061000	25.036800	4.775010	31.056094
48000	21.873000	13.187800	4.790780	41.505404
49250	21.790000	-54.517500	4.786320	-3119.229226
50500	21.847000	24.557000	4.783730	31.451993
52000	21.982000	34.157300	4.783920	25.771407
53250	21.902000	23.985600	4.783460	31.853547
54500	21.933000	-20.478900	4.783420	142.623279
55750	21.987000	23.610900	4.779370	32.092089
57250	21.992000	32.810600	4.774920	26.403921
58500	22.123000	27.201400	4.775080	29.630362
59750	22.118000	15.262500	4.773990	39.167816
61000	22.109000	-56.467500	4.775720	-733.885447
62250	22.198000	24.629200	4.773220	31.324293
63750	22.394000	25.684300	4.772850	30.602071
65000	22.311000	27.508400	4.772470	29.418922
66250	22.198000	-12.936600	4.773350	99.604167
67500	22.312000	2.008900	4.772350	57.213013
68750	22.473000	38.675400	4.770780	23.600693
70250	22.618000	31.799200	4.769100	26.903593
71500	22.545000	12.445000	4.768050	42.107730
72750	22.511000	-6.067100	4.768260	75.544596
74000	22.604000	24.933300	4.768230	31.077537
75500	22.732000	27.735900	4.768320	29.248492
76750	22.824000	25.026200	4.767930	31.011608
78000	22.726000	0.387900	4.766860	60.226812
79250	22.729000	-15.197100	4.766370	109.881094
80500	22.957000	29.727100	4.767430	28.049548
82000	23.039000	28.296100	4.768250	28.903784
83250	22.844000	14.526700	4.769190	39.871577
84500	22.924000	-46.948800	4.769660	-60592.307613
85750	23.090000	30.733600	4.768250	27.482716
87250	23.078000	28.524700	4.769550	28.774048
88500	23.194000	29.867200	4.768690	27.976915
89750	23.151000	1.253500	4.767690	58.556919
91000	23.117000	-2.417900	4.767060	66.227900
92250	23.368000	30.225300	4.766280	27.756320
93750	23.404000	28.357200	4.764630	28.842088
95000	23.251000	19.704500	4.764280	35.011985
97500	23.256000	1.861400	4.764210	57.371444
99000	23.307000	38.542100	4.763040	23.615315
100250	23.464000	31.185700	4.762110	27.192889
101500	23.241000	17.359300	4.760240	37.032396
102750	23.209000	-4.496200	4.760550	71.176772
104000	23.309000	24.298100	4.759720	31.455696
105500	23.562000	29.921800	4.758700	27.880078
106750	23.420000	24.287700	4.760170	31.466290
108000	23.417000	-10.913600	4.760300	91.166151
109250	23.547000	-7.615300	4.760190	79.946899
110500	23.629000	28.771000	4.760590	28.565845
112000	23.926000	29.718600	4.759800	28.004116
113250	23.662000	14.665600	4.763210	39.672080
114500	23.866000	-41.330900	4.760900	1211.108337
115750	23.983000	32.552500	4.758660	26.437902
117250	24.190000	29.725300	4.756350	27.977530
118500	24.255000	28.333400	4.755260	28.792931
119750	24.189000	-3.917100	4.748590	69.507372
121000	24.221000	-9.594700	4.747910	86.143829
122250	24.454000	32.532100	4.747830	26.381386
123750	24.582000	24.817100	4.743720	30.977789
125000	24.412000	19.111200	4.740530	35.315065
127500	24.553000	3.916300	4.741380	53.480301
129000	24.753000	38.127300	4.742850	23.682905
130250	24.752000	27.172500	4.740550	29.408479
131500	24.492000	16.344500	4.741420	37.813416
132750	24.538000	-6.409000	4.741870	76.022889
134000	24.436000	22.950700	4.737860	32.257959
135500	24.530000	30.219700	4.740110	27.589178
136750	24.531000	23.319500	4.741430	32.016153
138000	24.316000	-12.465600	4.744290	96.902328
139250	24.398000	-3.196200	4.743620	67.669780
140500	24.454000	28.617700	4.744510	28.549330
142000	24.688000	29.105900	4.742850	28.248803
143250	24.581000	14.772200	4.743120	39.374834
145750	24.755000	23.158500	4.742280	32.139507
147250	24.955000	32.093300	4.741440	26.572493
148500	25.111000	28.693100	4.738460	28.463558
149750	25.317000	10.689400	4.737880	43.848174
151000	25.490000	-49.069200	4.738960	-8142.496035
152250	25.789000	26.128800	4.736370	30.047366
153750	25.898000	25.886900	4.734470	30.192272
155000	25.992000	25.438900	4.734940	30.492717
157500	25.751000	-37.785500	4.733600	570.074008
158750	25.924000	36.025400	4.733020	24.571239
160250	26.092000	28.373400	4.733890	28.623913
161500	26.101000	22.243300	4.732610	32.742831
162750	26.011000	-29.116700	4.731350	236.395119
164000	25.978000	11.887300	4.730640	42.364465
165500	26.159000	31.999200	4.730020	26.550688
166750	26.222000	25.022200	4.728990	30.730161
168000	25.973000	7.681400	4.728710	47.633617
170500	26.149000	17.641100	4.729570	36.508152
172000	26.092000	34.924100	4.729950	25.073485
173250	25.958000	27.340800	4.729830	29.228623
174500	25.820000	-1.493600	4.730230	63.582074
175750	25.805000	10.562700	4.729920	43.917979
177000	25.876000	29.627100	4.728800	27.852680
178500	26.155000	28.031600	4.727600	28.787982
179750	25.961000	18.573100	4.727320	35.665610
182250	26.027000	-12.040000	4.727490	94.766232
183500	26.387000	28.134300	4.725600	28.712027
185000	26.302000	29.553700	4.724930	27.869360
186250	26.331000	15.039900	4.724090	38.927169
188750	25.810000	22.952100	4.724040	32.151175
190250	25.709000	31.731700	4.724290	26.657178
191500	25.442000	28.177200	4.727140	28.696745
192750	25.162000	12.941300	4.727710	41.156572
194000	24.673000	-40.348100	4.729350	922.786031
195250	24.206000	26.070300	4.731260	30.049707
196750	24.006000	25.317900	4.744730	30.645068
198000	23.615000	25.733700	4.755690	30.445823
199250	23.023000	-35.215800	4.762710	411.343215
200500	22.868000	6.932000	4.759410	49.046570
202000	22.660000	37.884700	4.764230	23.908510
203250	22.435000	27.361500	4.766770	29.471722
204500	22.062000	15.659000	4.769760	38.734809
205750	21.820000	2.110000	4.773810	57.048654
207000	21.680000	22.771700	4.786040	32.759800
208500	21.733000	29.869800	4.791230	28.123441
209750	21.575000	24.107800	4.812430	31.982129
211000	21.446000	-8.932000	4.813360	85.264042
212250	21.266000	3.888800	4.823110	54.579831
213750	21.260000	29.867300	4.822300	28.328766
215000	21.084000	29.881600	4.838450	28.426440
216250	20.885000	14.579300	4.842250	40.506023
217500	20.767000	-13.081600	4.844930	102.033274
218750	20.659000	35.386500	4.875620	25.708257
220250	20.708000	31.070400	4.870550	27.950752
221500	20.553000	30.510800	4.888240	28.385210
222750	20.321000	11.545300	4.902850	44.524140
224000	20.286000	9.047600	4.894290	47.628688
225250	20.281000	37.448700	4.898000	24.857161
226750	20.266000	27.315300	4.908500	30.484115
228000	20.033000	26.495600	4.913000	31.057672
229250	19.983000	-7.140800	4.897630	81.163384
230500	19.788000	26.872200	4.914100	30.814362
232000	19.755000	36.236200	4.910950	25.502090
233250	19.389000	28.289800	4.922780	29.957941
234500	19.197000	-1.245100	4.928800	66.103736
235750	18.843000	25.961500	4.934850	31.576601
237000	18.679000	30.529500	4.945430	28.746091
238500	18.597000	31.732200	4.942810	28.038425
239750	18.290000	21.311500	4.956210	35.238229
241000	18.106000	1.824100	4.954500	60.075464
242250	18.077000	27.612300	4.955270	30.615590
243750	18.088000	28.147400	4.956070	30.275851
245000	17.844000	26.258200	4.962040	31.567584
246250	17.699000	4.501100	4.954190	55.224570
247500	17.571000	9.989600	4.960230	47.093127
248750	17.472000	41.382600	4.964710	23.504037
250250	17.814000	28.565500	4.964920	30.070648
251500	17.458000	23.654600	4.969430	33.494467
252750	17.560000	2.545100	4.968750	58.899910
254000	17.688000	22.272200	4.968670	34.559800
255500	17.756000	32.374900	4.969610	27.848714
256750	17.759000	27.556100	4.968330	30.742781
258000	17.286000	9.078400	4.971430	48.440514
259250	16.885000	-3.153700	4.974290	71.384944
260500	16.621000	31.866700	4.978870	28.191432
262000	16.266000	33.391400	4.987030	27.402512
263250	15.765000	26.898200	5.000590	31.405970
264500	15.629000	3.474000	4.998370	57.592374
265750	15.446000	34.778000	5.003720	26.774241
267250	15.263000	34.522000	5.003530	26.905561
268500	15.088000	30.746700	5.004400	29.001843
269750	14.886000	14.298300	5.005570	42.361826
271000	14.737000	4.373500	5.006220	56.109082
272250	14.332000	34.106100	5.008680	27.154466
273750	14.093000	27.908900	5.010440	30.804007
275000	13.638000	26.259300	5.009710	31.908075
276250	13.260000	-6.620700	5.012170	81.764945
277500	13.068000	22.075100	5.012380	35.061979
279000	12.845000	41.003300	5.013230	23.920249
280250	12.517000	29.182000	5.014110	30.016467
281500	12.087000	16.686400	5.014470	39.935048
282750	11.719000	22.296800	5.016360	34.914855
284000	11.642000	30.274600	5.017800	29.371301
285500	11.537000	31.670800	5.017810	28.551130
286750	11.131000	24.838000	5.019240	32.989206
288000	10.707000	-2.662600	5.021150	70.935219
289250	10.428000	22.110200	5.029420	35.168348
290750	10.275000	32.697500	5.028330	28.038250
292000	9.873000	30.537000	5.033750	29.318449
293250	9.655000	17.643300	5.032180	39.151387
294500	9.138000	6.173000	5.039790	53.543032
295750	8.937000	40.184200	5.042090	24.427693
297250	8.619000	31.764000	5.046360	28.679791
298500	8.284000	28.793500	5.048340	30.493269
