I-Temp
4750.000000
5000.000000
5250.000000
5500.000000
5750.000000
6000.000000
6250.000000
6500.000000
6750.000000
7000.000000
7250.000000
7500.000000
7750.000000
8000.000000
8250.000000
8500.000000
8750.000000
9000.000000
9250.000000
9500.000000
9750.000000
10000.000000
10250.000000
10500.000000
10750.000000
11000.000000
11250.000000
11500.000000
11750.000000
12000.000000
12250.000000
12500.000000
12750.000000
13000.000000
13250.000000
13500.000000
13750.000000
14000.000000
14250.000000
14500.000000
14750.000000
15000.000000
15250.000000
15500.000000
15750.000000
16000.000000
16250.000000
16500.000000
16750.000000
17000.000000
17250.000000
17500.000000
17750.000000
18000.000000
18250.000000
18500.000000
18750.000000
19000.000000
19250.000000
19500.000000
19750.000000
20000.000000
20250.000000
20500.000000
20750.000000
21000.000000
21250.000000
21500.000000
21750.000000
22000.000000
22250.000000
22500.000000
22750.000000
23000.000000
23250.000000
23500.000000
23750.000000
24000.000000
24250.000000
24500.000000
24750.000000
25000.000000
25250.000000
25500.000000
25750.000000
26000.000000
26250.000000
26500.000000
26750.000000
27000.000000
27250.000000
27500.000000
27750.000000
28000.000000
28250.000000
28500.000000
28750.000000
29000.000000
29250.000000
29500.000000
29750.000000
30000.000000
30250.000000
30500.000000
30750.000000
31000.000000
31250.000000
31500.000000
31750.000000
32000.000000
32250.000000
32500.000000
32750.000000
33000.000000
33250.000000
33500.000000
33750.000000
34000.000000
34250.000000
34500.000000
34750.000000
35000.000000
35250.000000
35500.000000
35750.000000
36000.000000
36250.000000
36500.000000
36750.000000
37000.000000
37250.000000
37500.000000
37750.000000
38000.000000
38250.000000
38500.000000
38750.000000
39000.000000
39250.000000
39500.000000
39750.000000
40000.000000
40250.000000
40500.000000
40750.000000
41000.000000
41250.000000
41500.000000
41750.000000
42000.000000
42250.000000
42500.000000
42750.000000
43000.000000
43250.000000
43500.000000
43750.000000
44000.000000
44250.000000
44500.000000
44750.000000
45000.000000
45250.000000
45500.000000
45750.000000
46000.000000
46250.000000
46500.000000
46750.000000
47000.000000
47250.000000
47500.000000
47750.000000
48000.000000
48250.000000
48500.000000
48750.000000
49000.000000
49250.000000
49500.000000
49750.000000
50000.000000
50250.000000
50500.000000
50750.000000
51000.000000
51250.000000
51500.000000
51750.000000
52000.000000
52250.000000
52500.000000
52750.000000
53000.000000
53250.000000
53500.000000
53750.000000
54000.000000
54250.000000
54500.000000
54750.000000
55000.000000
55250.000000
55500.000000
55750.000000
56000.000000
56250.000000
56500.000000
56750.000000
57000.000000
57250.000000
57500.000000
57750.000000
58000.000000
58250.000000
58500.000000
58750.000000
59000.000000
59250.000000
59500.000000
59750.000000
60000.000000
60250.000000
60500.000000
60750.000000
61000.000000
61250.000000
61500.000000
61750.000000
62000.000000
62250.000000
62500.000000
62750.000000
63000.000000
63250.000000
63500.000000
63750.000000
64000.000000
64250.000000
64500.000000
64750.000000
65000.000000
65250.000000
65500.000000
65750.000000
66000.000000
66250.000000
66500.000000
66750.000000
67000.000000
67250.000000
67500.000000
67750.000000
68000.000000
68250.000000
68500.000000
68750.000000
69000.000000
69250.000000
69500.000000
69750.000000
70000.000000
70250.000000
70500.000000
70750.000000
71000.000000
71250.000000
71500.000000
71750.000000
72000.000000
72250.000000
72500.000000
72750.000000
73000.000000
73250.000000
73500.000000
73750.000000
74000.000000
74250.000000
74500.000000
74750.000000
75000.000000
75250.000000
75500.000000
75750.000000
76000.000000
76250.000000
76500.000000
76750.000000
77000.000000
77250.000000
77500.000000
77750.000000
78000.000000
78250.000000
78500.000000
78750.000000
79000.000000
79250.000000
79500.000000
79750.000000
80000.000000
80250.000000
80500.000000
80750.000000
81000.000000
81250.000000
81500.000000
81750.000000
82000.000000
82250.000000
82500.000000
82750.000000
83000.000000
83250.000000
83500.000000
83750.000000
84000.000000
84250.000000
84500.000000
84750.000000
85000.000000
85250.000000
85500.000000
85750.000000
86000.000000
86250.000000
86500.000000
86750.000000
87000.000000
87250.000000
87500.000000
87750.000000
88000.000000
88250.000000
88500.000000
88750.000000
89000.000000
89250.000000
89500.000000
89750.000000
90000.000000
90250.000000
90500.000000
90750.000000
91000.000000
91250.000000
91500.000000
91750.000000
92000.000000
92250.000000
92500.000000
92750.000000
93000.000000
93250.000000
93500.000000
93750.000000
94000.000000
94250.000000
94500.000000
94750.000000
95000.000000
95250.000000
95500.000000
95750.000000
96000.000000
96250.000000
96500.000000
96750.000000
97000.000000
97250.000000
97500.000000
97750.000000
98000.000000
98250.000000
98500.000000
98750.000000
99000.000000
99250.000000
99500.000000
99750.000000
100000.000000
100250.000000
100500.000000
100750.000000
101000.000000
101250.000000
101500.000000
101750.000000
102000.000000
102250.000000
102500.000000
102750.000000
103000.000000
103250.000000
103500.000000
103750.000000
104000.000000
104250.000000
104500.000000
104750.000000
105000.000000
105250.000000
105500.000000
105750.000000
106000.000000
106250.000000
106500.000000
106750.000000
107000.000000
107250.000000
107500.000000
107750.000000
108000.000000
108250.000000
108500.000000
108750.000000
109000.000000
109250.000000
109500.000000
109750.000000
110000.000000
110250.000000
110500.000000
110750.000000
111000.000000
111250.000000
111500.000000
111750.000000
112000.000000
112250.000000
112500.000000
112750.000000
113000.000000
113250.000000
113500.000000
113750.000000
114000.000000
114250.000000
114500.000000
114750.000000
115000.000000
115250.000000
115500.000000
115750.000000
116000.000000
116250.000000
116500.000000
116750.000000
117000.000000
117250.000000
117500.000000
117750.000000
118000.000000
118250.000000
118500.000000
118750.000000
119000.000000
119250.000000
119500.000000
119750.000000
120000.000000
120250.000000
120500.000000
120750.000000
121000.000000
121250.000000
121500.000000
121750.000000
122000.000000
122250.000000
122500.000000
122750.000000
123000.000000
123250.000000
123500.000000
123750.000000
124000.000000
124250.000000
124500.000000
124750.000000
125000.000000
125250.000000
125500.000000
125750.000000
126000.000000
126250.000000
126500.000000
126750.000000
127000.000000
127250.000000
127500.000000
127750.000000
128000.000000
128250.000000
128500.000000
128750.000000
129000.000000
129250.000000
129500.000000
129750.000000
130000.000000
130250.000000
130500.000000
130750.000000
131000.000000
131250.000000
131500.000000
131750.000000
132000.000000
132250.000000
132500.000000
132750.000000
133000.000000
133250.000000
133500.000000
133750.000000
134000.000000
134250.000000
134500.000000
134750.000000
135000.000000
135250.000000
135500.000000
135750.000000
136000.000000
136250.000000
136500.000000
136750.000000
137000.000000
137250.000000
137500.000000
137750.000000
138000.000000
138250.000000
138500.000000
138750.000000
139000.000000
139250.000000
139500.000000
139750.000000
140000.000000
140250.000000
140500.000000
140750.000000
141000.000000
141250.000000
141500.000000
141750.000000
142000.000000
142250.000000
142500.000000
142750.000000
143000.000000
143250.000000
143500.000000
143750.000000
144000.000000
144250.000000
144500.000000
144750.000000
145000.000000
145250.000000
145500.000000
145750.000000
146000.000000
146250.000000
146500.000000
146750.000000
147000.000000
147250.000000
147500.000000
147750.000000
148000.000000
148250.000000
148500.000000
148750.000000
149000.000000
149250.000000
149500.000000
149750.000000
150000.000000
150250.000000
150500.000000
150750.000000
151000.000000
151250.000000
151500.000000
151750.000000
152000.000000
152250.000000
152500.000000
152750.000000
153000.000000
153250.000000
153500.000000
153750.000000
154000.000000
154250.000000
154500.000000
154750.000000
155000.000000
155250.000000
155500.000000
155750.000000
156000.000000
156250.000000
156500.000000
156750.000000
157000.000000
157250.000000
157500.000000
157750.000000
158000.000000
158250.000000
158500.000000
158750.000000
159000.000000
159250.000000
159500.000000
159750.000000
160000.000000
160250.000000
160500.000000
160750.000000
161000.000000
161250.000000
161500.000000
161750.000000
162000.000000
162250.000000
162500.000000
162750.000000
163000.000000
163250.000000
163500.000000
163750.000000
164000.000000
164250.000000
164500.000000
164750.000000
165000.000000
165250.000000
165500.000000
165750.000000
166000.000000
166250.000000
166500.000000
166750.000000
167000.000000
167250.000000
167500.000000
167750.000000
168000.000000
168250.000000
168500.000000
168750.000000
169000.000000
169250.000000
169500.000000
169750.000000
170000.000000
170250.000000
170500.000000
170750.000000
171000.000000
171250.000000
171500.000000
171750.000000
172000.000000
172250.000000
172500.000000
172750.000000
173000.000000
173250.000000
173500.000000
173750.000000
174000.000000
174250.000000
174500.000000
174750.000000
175000.000000
175250.000000
175500.000000
175750.000000
176000.000000
176250.000000
176500.000000
176750.000000
177000.000000
177250.000000
177500.000000
177750.000000
178000.000000
178250.000000
178500.000000
178750.000000
179000.000000
179250.000000
179500.000000
179750.000000
180000.000000
180250.000000
180500.000000
180750.000000
181000.000000
181250.000000
181500.000000
181750.000000
182000.000000
182250.000000
182500.000000
182750.000000
183000.000000
183250.000000
183500.000000
183750.000000
184000.000000
184250.000000
184500.000000
184750.000000
185000.000000
185250.000000
185500.000000
185750.000000
186000.000000
186250.000000
186500.000000
186750.000000
187000.000000
187250.000000
187500.000000
187750.000000
188000.000000
188250.000000
188500.000000
188750.000000
189000.000000
189250.000000
189500.000000
189750.000000
190000.000000
190250.000000
190500.000000
190750.000000
191000.000000
191250.000000
191500.000000
191750.000000
192000.000000
192250.000000
192500.000000
192750.000000
193000.000000
193250.000000
193500.000000
193750.000000
194000.000000
194250.000000
194500.000000
194750.000000
195000.000000
195250.000000
195500.000000
195750.000000
196000.000000
196250.000000
196500.000000
196750.000000
197000.000000
197250.000000
197500.000000
197750.000000
198000.000000
198250.000000
198500.000000
198750.000000
199000.000000
199250.000000
199500.000000
199750.000000
200000.000000
200250.000000
200500.000000
200750.000000
201000.000000
201250.000000
201500.000000
201750.000000
202000.000000
202250.000000
202500.000000
202750.000000
203000.000000
203250.000000
203500.000000
203750.000000
204000.000000
204250.000000
204500.000000
204750.000000
205000.000000
205250.000000
205500.000000
205750.000000
206000.000000
206250.000000
206500.000000
206750.000000
207000.000000
207250.000000
207500.000000
207750.000000
208000.000000
208250.000000
208500.000000
208750.000000
209000.000000
209250.000000
209500.000000
209750.000000
210000.000000
210250.000000
210500.000000
210750.000000
211000.000000
211250.000000
211500.000000
211750.000000
212000.000000
212250.000000
212500.000000
212750.000000
213000.000000
213250.000000
213500.000000
213750.000000
214000.000000
214250.000000
214500.000000
214750.000000
215000.000000
215250.000000
215500.000000
215750.000000
216000.000000
216250.000000
216500.000000
216750.000000
217000.000000
217250.000000
217500.000000
217750.000000
218000.000000
218250.000000
218500.000000
218750.000000
219000.000000
219250.000000
219500.000000
219750.000000
220000.000000
220250.000000
220500.000000
220750.000000
221000.000000
221250.000000
221500.000000
221750.000000
222000.000000
222250.000000
222500.000000
222750.000000
223000.000000
223250.000000
223500.000000
223750.000000
224000.000000
224250.000000
224500.000000
224750.000000
225000.000000
225250.000000
225500.000000
225750.000000
226000.000000
226250.000000
226500.000000
226750.000000
227000.000000
227250.000000
227500.000000
227750.000000
228000.000000
228250.000000
228500.000000
228750.000000
229000.000000
229250.000000
229500.000000
229750.000000
230000.000000
230250.000000
230500.000000
230750.000000
231000.000000
231250.000000
231500.000000
231750.000000
232000.000000
232250.000000
232500.000000
232750.000000
233000.000000
233250.000000
233500.000000
233750.000000
234000.000000
234250.000000
234500.000000
234750.000000
235000.000000
235250.000000
235500.000000
235750.000000
236000.000000
236250.000000
236500.000000
236750.000000
237000.000000
237250.000000
237500.000000
237750.000000
238000.000000
238250.000000
238500.000000
238750.000000
239000.000000
239250.000000
239500.000000
239750.000000
240000.000000
240250.000000
240500.000000
240750.000000
241000.000000
241250.000000
241500.000000
241750.000000
242000.000000
242250.000000
242500.000000
242750.000000
243000.000000
243250.000000
243500.000000
243750.000000
244000.000000
244250.000000
244500.000000
244750.000000
245000.000000
245250.000000
245500.000000
245750.000000
246000.000000
246250.000000
246500.000000
246750.000000
247000.000000
247250.000000
247500.000000
247750.000000
248000.000000
248250.000000
248500.000000
248750.000000
249000.000000
249250.000000
249500.000000
249750.000000
250000.000000
250250.000000
250500.000000
250750.000000
251000.000000
251250.000000
251500.000000
251750.000000
252000.000000
252250.000000
252500.000000
252750.000000
253000.000000
253250.000000
253500.000000
253750.000000
254000.000000
254250.000000
254500.000000
254750.000000
255000.000000
255250.000000
255500.000000
255750.000000
256000.000000
256250.000000
256500.000000
256750.000000
257000.000000
257250.000000
257500.000000
257750.000000
258000.000000
258250.000000
258500.000000
258750.000000
259000.000000
259250.000000
259500.000000
259750.000000
260000.000000
260250.000000
260500.000000
260750.000000
261000.000000
261250.000000
261500.000000
261750.000000
262000.000000
262250.000000
262500.000000
262750.000000
263000.000000
263250.000000
263500.000000
263750.000000
264000.000000
264250.000000
264500.000000
264750.000000
265000.000000
265250.000000
265500.000000
265750.000000
266000.000000
266250.000000
266500.000000
266750.000000
267000.000000
267250.000000
267500.000000
267750.000000
268000.000000
268250.000000
268500.000000
268750.000000
269000.000000
269250.000000
269500.000000
269750.000000
270000.000000
270250.000000
270500.000000
270750.000000
271000.000000
271250.000000
271500.000000
271750.000000
272000.000000
272250.000000
272500.000000
272750.000000
273000.000000
273250.000000
273500.000000
273750.000000
274000.000000
274250.000000
274500.000000
274750.000000
275000.000000
275250.000000
275500.000000
275750.000000
276000.000000
276250.000000
276500.000000
276750.000000
277000.000000
277250.000000
277500.000000
277750.000000
278000.000000
278250.000000
278500.000000
278750.000000
279000.000000
279250.000000
279500.000000
279750.000000
280000.000000
280250.000000
280500.000000
280750.000000
281000.000000
281250.000000
281500.000000
281750.000000
282000.000000
282250.000000
282500.000000
282750.000000
283000.000000
283250.000000
283500.000000
283750.000000
284000.000000
284250.000000
284500.000000
284750.000000
285000.000000
285250.000000
285500.000000
285750.000000
286000.000000
286250.000000
286500.000000
286750.000000
287000.000000
287250.000000
287500.000000
287750.000000
288000.000000
288250.000000
288500.000000
288750.000000
289000.000000
289250.000000
289500.000000
289750.000000
290000.000000
290250.000000
290500.000000
290750.000000
291000.000000
291250.000000
291500.000000
291750.000000
292000.000000
292250.000000
292500.000000
292750.000000
293000.000000
293250.000000
293500.000000
293750.000000
294000.000000
294250.000000
294500.000000
294750.000000
295000.000000
295250.000000
295500.000000
295750.000000
296000.000000
296250.000000
296500.000000
296750.000000
297000.000000
297250.000000
297500.000000
297750.000000
298000.000000
298250.000000
298500.000000
