Time(ms)	Pres(dbar)	Temp(C)	Cond(S/m)	Sal(PSU)
1750	21.790000	32.271300	4.539810	25.227748
3000	21.133000	24.508100	4.540030	29.698592
4250	20.608000	19.789900	4.539990	33.103556
5500	20.788000	4.054800	4.540310	50.699274
6750	21.310000	25.992600	4.539860	28.744437
8250	21.690000	29.139300	4.539770	26.884966
9500	21.066000	23.327000	4.539800	30.493185
10750	20.761000	19.467700	4.539810	33.357824
12000	21.239000	19.229300	4.539810	33.549009
13500	21.185000	33.846500	4.539570	24.457224
14750	20.835000	32.464800	4.539530	25.129515
16000	20.926000	19.907200	4.539820	33.009734
17250	20.924000	13.270800	4.540010	38.983095
18500	21.190000	28.433400	4.539880	27.284908
20000	21.033000	26.004100	4.539810	28.736973
21250	21.266000	28.293200	4.540020	27.366285
22500	21.478000	4.691800	4.540300	49.719137
23750	20.919000	15.959200	4.540330	36.370554
25000	20.445000	33.044700	4.540050	24.846727
26500	20.634000	27.132300	4.540010	28.048175
27750	20.866000	28.558100	4.539930	27.214092
29000	21.154000	7.316900	4.540190	45.979607
30250	21.110000	30.105500	4.539870	26.355213
31750	20.626000	32.779500	4.539670	24.974498
33000	20.097000	25.046800	4.539880	29.345993
34250	19.646000	11.373500	4.540070	41.017717
35500	19.796000	13.697200	4.540050	38.549267
36750	19.405000	29.713900	4.540350	26.571603
38250	19.284000	27.791600	4.540500	27.661165
39500	18.210000	19.130000	4.543380	33.659925
40750	18.080000	16.320500	4.543600	36.070971
42000	17.904000	28.470300	4.543150	27.286459
43500	18.291000	31.267800	4.545000	25.773026
44750	17.666000	32.549000	4.550240	25.154149
46000	16.951000	13.507100	4.564690	38.979777
47250	16.627000	21.121700	4.564460	32.274339
48500	17.223000	34.440200	4.578270	24.407769
50000	16.615000	24.806200	4.592080	29.882297
51250	15.750000	25.272600	4.617210	29.757745
52500	15.423000	10.349000	4.610860	42.931497
53750	15.706000	26.114000	4.658380	29.507131
55250	15.643000	32.207500	4.662900	26.024949
56500	15.077000	28.094100	4.669410	28.357895
57750	14.588000	28.099300	4.702450	28.578989
59000	14.521000	24.475800	4.770750	31.415283
60250	13.959000	33.295400	4.846950	26.595227
61750	14.032000	33.706400	4.864810	26.490665
63000	13.557000	25.040300	4.896700	31.943632
64250	13.329000	23.785200	4.894590	32.833822
65500	13.214000	28.087500	4.911140	30.008057
67000	12.767000	33.378700	4.947550	27.167858
68250	12.897000	31.361700	4.968930	28.416342
69500	12.192000	11.211700	4.982190	45.759700
70750	12.209000	22.443100	4.982650	34.534938
72000	12.042000	36.807600	4.992830	25.700867
73500	11.511000	33.444500	5.001560	27.464107
74750	11.492000	42.703700	5.012340	23.214810
76000	11.340000	21.967900	4.988540	34.961748
77250	10.737000	31.416400	5.044360	28.867727
78750	10.662000	36.798400	5.038530	25.968185
80000	10.473000	31.070700	5.041480	29.051638
81250	9.924000	23.179400	5.045580	34.442002
82500	10.077000	22.621600	5.055870	34.962881
83750	9.696000	30.484300	5.061090	29.528496
85250	9.765000	30.315900	5.057770	29.608621
86500	9.597000	22.698300	5.066430	34.983641
87750	8.952000	32.909500	5.064600	28.146452
89000	9.012000	33.628300	5.065120	27.754853
90500	8.947000	36.441500	5.059780	26.266092
91750	8.678000	32.994500	5.058520	28.061625
93000	8.326000	19.134800	5.050860	37.909122
94250	7.966000	28.689100	5.065210	30.674501
95500	8.034000	36.179900	5.058090	26.386236
97000	7.578000	28.742700	5.075130	30.707398
98250	7.612000	32.191000	5.076040	28.623153
99500	7.032000	20.799800	5.084030	36.703471
100750	6.935000	29.435200	5.081150	30.307740
102250	7.156000	37.699900	5.084250	25.795565
103500	6.535000	29.123800	5.097320	30.613420
104750	6.198000	40.178300	5.092220	24.701630
106000	5.875000	27.082600	5.085810	31.882755
107250	5.687000	36.075300	5.089440	26.621910
108750	5.412000	35.457600	5.093280	26.958768
110000	5.058000	27.848800	5.095610	31.433776
111250	4.718000	23.732700	5.097500	34.408683
112500	4.541000	26.447200	5.100170	32.425156
114000	4.430000	34.011700	5.099650	27.759039
115250	4.468000	30.665000	5.106720	29.718116
116500	4.197000	24.418000	5.116040	34.022646
117750	3.559000	27.233900	5.101880	31.892806
119000	3.750000	35.467700	5.125080	27.141974
120500	3.065000	34.666500	5.125880	27.567135
121750	3.056000	52.937400	5.127100	20.168421
123000	2.666000	43.588800	5.123240	23.429314
124250	2.365000	35.954100	5.123830	26.885147
125500	2.567000	46.925000	5.126360	22.171474
127000	2.074000	46.244400	5.128760	22.432960
128250	1.978000	57.841600	5.132060	18.782774
129500	1.732000	36.983500	5.133100	26.422923
130750	1.284000	40.912000	5.134800	24.609205
132250	1.351000	47.339000	5.135170	22.064239
133500	1.250000	53.185800	5.131640	20.112554
134750	1.212000	54.563600	5.132480	19.704466
136000	1.058000	35.880000	5.130100	26.959995
137250	1.048000	48.179800	5.129010	21.736516
138750	1.169000	50.999700	5.131320	20.797380
140000	0.894000	49.480200	5.133290	21.308914
141250	1.045000	37.578600	5.137430	26.156704
142500	0.906000	37.037100	5.139900	26.435695
144000	1.093000	35.870200	5.140690	27.027194
145250	1.113000	43.515700	5.142200	23.555604
146500	0.843000	21.092300	5.144370	36.941692
147750	1.042000	23.836600	5.144790	34.687542
149000	1.014000	38.068500	5.144090	25.958601
150500	1.059000	33.589900	5.142780	28.253960
151750	0.979000	39.332800	5.142890	25.359751
153000	0.811000	19.013300	5.143180	38.807709
154250	1.030000	32.078700	5.143340	29.114773
155750	1.132000	38.022000	5.143100	25.975237
157000	0.999000	32.175400	5.144670	29.067007
158250	0.997000	29.647000	5.144610	30.599047
159500	0.857000	25.017900	5.145300	33.789053
160750	1.052000	32.493000	5.143680	28.877488
162250	1.055000	35.253800	5.146170	27.378977
163500	1.148000	30.201900	5.146380	30.262807
164750	0.818000	27.635900	5.146340	31.930207
166000	1.058000	31.107000	5.146270	29.708660
167500	1.066000	35.461900	5.145490	27.266333
168750	1.140000	40.642300	5.145570	24.785196
170000	1.109000	25.359100	5.145360	33.536015
171250	1.380000	21.274400	5.146240	36.799336
172500	1.768000	36.243900	5.145150	26.862663
174000	2.063000	30.848000	5.143720	29.848458
175250	2.320000	33.787400	5.143290	28.147956
176500	2.539000	15.146500	5.143270	42.738978
177750	2.899000	28.805500	5.141010	31.114694
179250	3.607000	37.349600	5.139820	26.281286
180500	4.270000	33.672500	5.138320	28.180301
181750	4.700000	33.967500	5.133550	27.989415
183000	5.107000	12.352100	5.133100	45.894776
184250	5.738000	38.351600	5.125540	25.719161
185750	6.063000	38.036200	5.121860	25.847878
187000	6.881000	27.945400	5.108680	31.459171
188250	7.420000	11.523700	5.108320	46.678025
189500	7.699000	26.324400	5.110070	32.581472
191000	8.018000	36.484400	5.106790	26.517463
192250	8.497000	34.674000	5.101190	27.413708
193500	8.903000	16.632300	5.098970	40.751903
194750	9.502000	9.596700	5.097350	49.116545
196000	10.090000	33.884200	5.098500	27.819828
197500	10.143000	34.362000	5.097990	27.559758
198750	10.470000	37.902900	5.096620	25.768207
200000	10.748000	3.119700	5.097800	59.568953
201250	11.208000	22.516800	5.095910	35.358734
202750	11.983000	39.307900	5.092520	25.092274
204000	12.596000	30.490800	5.092910	29.731722
205250	12.761000	21.550700	5.095220	36.151094
206500	12.848000	-5.336200	5.095330	79.441892
207750	13.426000	32.073600	5.089540	28.774368
209250	14.054000	29.409000	5.085510	30.351562
210500	14.539000	27.915300	5.084710	31.311676
211750	15.108000	18.738200	5.060600	38.355494
213000	15.378000	10.867000	5.052710	46.934811
214500	15.924000	37.016800	5.034630	25.839092
215750	16.771000	37.018800	5.000470	25.642474
217000	17.037000	21.938000	5.018280	35.218409
218250	17.372000	-3.391800	4.993060	72.303934
219500	17.929000	32.205500	4.971570	27.955072
221000	18.558000	32.727800	4.954440	27.559991
222250	18.958000	30.161300	4.915820	28.769579
223500	19.097000	-4.513300	4.841580	72.629916
224750	19.413000	12.630900	4.796400	42.181573
226250	19.839000	32.062000	4.742740	26.598293
227500	19.900000	24.855300	4.680690	30.493359
228750	19.769000	25.240000	4.672380	30.175841
230000	20.053000	-15.834000	4.621650	108.989106
231250	19.806000	30.375200	4.622520	26.742808
232750	20.166000	31.379500	4.604580	26.090453
234000	20.181000	27.433800	4.626580	28.462007
235250	20.321000	1.746600	4.606520	55.419417
236500	20.019000	5.960500	4.597530	48.538601
237750	19.967000	30.966800	4.618930	26.400153
239250	20.178000	31.186200	4.613410	26.248273
240500	20.014000	22.191900	4.634960	32.027143
241750	19.940000	-2.279400	4.622710	63.628941
243000	20.412000	22.431500	4.585690	31.472877
244500	19.952000	33.889400	4.576440	24.657990
245750	20.217000	40.164900	4.572190	21.914849
247000	20.035000	4.076100	4.582490	51.200336
248250	20.101000	4.821700	4.585130	50.078080
249500	19.814000	32.549400	4.574820	25.304827
251000	19.947000	26.594500	4.577470	28.635265
252250	19.070000	25.907000	4.568840	29.003824
253500	18.342000	-14.644700	4.573430	102.004968
254750	18.391000	24.169900	4.571490	30.155527
256250	18.403000	29.948800	4.583080	26.721216
257500	17.892000	23.211400	4.622330	31.195878
258750	16.978000	23.260200	4.667250	31.500609
260000	17.083000	-10.310400	4.701020	87.652514
261250	17.019000	33.074000	4.703600	25.831240
262750	16.685000	33.849200	4.731090	25.608240
264000	16.325000	22.466000	4.725060	32.520799
265250	15.956000	-6.241700	4.752330	75.753364
266500	15.819000	22.160000	4.768210	33.085559
268000	15.246000	34.135000	4.869340	26.297745
269250	15.103000	31.861500	4.872980	27.525709
270500	14.362000	9.516500	4.899880	47.066407
271750	14.692000	5.597400	4.919050	52.985967
273000	14.082000	32.077900	4.927340	27.748756
274500	13.929000	31.828500	4.923890	27.865734
275750	13.188000	34.800600	4.947000	26.424660
277000	12.829000	-3.143300	4.952260	70.997941
278250	12.327000	24.970400	4.969480	32.526801
279750	12.219000	36.739400	4.964080	25.568452
281000	11.764000	29.037200	4.980560	29.881942
282250	11.687000	19.249500	4.993190	37.317481
283500	10.855000	5.702700	5.030590	54.188211
284750	10.722000	31.748400	5.022150	28.534435
286250	10.207000	32.051000	5.036370	28.451967
287500	10.175000	26.008600	5.039580	32.298022
288750	9.783000	21.862200	5.043110	35.479038
290000	9.090000	25.050200	5.064290	33.166156
291500	9.271000	38.064200	5.063800	25.507430
292750	8.947000	36.426700	5.066230	26.310796
294000	8.408000	22.393100	5.062490	35.198957
295250	7.434000	17.411000	5.077500	39.778259
296500	7.433000	36.826000	5.078720	26.186540
298000	7.407000	29.592100	5.073920	30.161136
299250	7.148000	30.581200	5.072420	29.544587
