Time(ms)	Pres(dbar)	Temp(C)	Cond(S/m)	Sal(PSU)
2000	27.251000	42.319600	4.636830	21.429671
3250	26.704000	45.384500	4.637280	20.343158
4500	26.997000	25.576300	4.637120	29.699674
6000	27.263000	40.059600	4.637060	22.301317
7250	27.319000	36.293100	4.636590	23.893652
8500	26.862000	29.889500	4.637390	27.105560
9750	26.738000	36.517400	4.636180	23.790964
11000	26.912000	35.495300	4.636570	24.256874
12500	27.218000	32.567000	4.636280	25.673246
13750	26.976000	34.577500	4.636770	24.687842
15000	26.877000	15.069000	4.636790	38.090611
16250	26.801000	27.204600	4.636750	28.669999
17750	27.053000	34.823300	4.636660	24.570794
19000	27.029000	29.915900	4.636910	27.087691
20250	26.948000	31.572700	4.636660	26.189718
21500	26.632000	25.826500	4.637060	29.537549
22750	27.062000	37.850400	4.636750	23.211923
24250	27.112000	33.384800	4.636880	25.266863
25500	27.116000	34.435300	4.635450	24.747734
26750	26.576000	35.356100	4.636110	24.318605
28000	26.790000	22.491000	4.636260	31.815989
29250	26.952000	37.918300	4.636270	23.180275
30750	27.205000	31.407900	4.636340	26.274539
32000	26.920000	24.465200	4.636520	30.431971
33250	26.665000	21.593400	4.636810	32.485349
34500	27.053000	30.810300	4.636310	26.593594
36000	27.130000	33.526500	4.636570	25.195060
37250	26.953000	33.721400	4.633730	25.082347
38500	26.628000	22.306200	4.635150	31.942546
39750	26.749000	35.509200	4.635210	24.242578
41000	26.962000	38.790900	4.635290	22.807814
42500	26.998000	32.784700	4.635530	25.558427
43750	26.764000	31.409600	4.635300	26.267165
45000	26.645000	21.570700	4.635390	32.491331
46250	26.926000	34.791300	4.635570	24.579483
47750	27.011000	31.451300	4.636140	26.250388
49000	26.879000	31.020600	4.635450	26.475077
50250	26.499000	23.708900	4.635540	30.943697
51500	26.650000	24.106700	4.635710	30.670219
52750	26.826000	42.020600	4.635850	21.536391
54250	27.085000	33.219400	4.633660	25.329305
55500	26.524000	31.667500	4.635530	26.132943
56750	26.533000	34.010600	4.634020	24.943500
58000	26.634000	32.163700	4.635360	25.874053
59500	27.022000	35.673500	4.635860	24.170774
60750	26.900000	32.739700	4.636490	25.587068
62000	26.535000	18.591000	4.636930	34.886105
63250	26.486000	27.732700	4.635780	28.343051
64500	26.800000	34.358500	4.636220	24.789094
66000	27.042000	31.164300	4.635860	26.400860
67250	26.570000	33.054800	4.632540	25.404596
68500	26.592000	19.309200	4.624170	34.180451
69750	26.577000	40.003400	4.631130	22.292138
71250	26.881000	36.212900	4.630230	23.893311
72500	26.774000	32.816800	4.633240	25.528232
73750	26.712000	33.888000	4.635170	25.009845
75000	26.266000	24.022900	4.635680	30.727639
76250	26.726000	36.543700	4.628390	23.734801
77750	26.670000	31.400300	4.632060	26.251638
79000	26.711000	27.656400	4.635100	28.384257
80250	26.395000	24.116700	4.635380	30.660999
81500	26.574000	23.586800	4.635520	31.028658
83000	26.722000	37.980600	4.635430	23.149101
84250	26.703000	32.014600	4.636070	25.955476
85500	26.372000	26.045400	4.636500	29.393300
86750	26.455000	35.914900	4.636270	24.062988
88000	26.632000	38.579500	4.636260	22.901176
89500	26.746000	32.065800	4.635800	25.927292
90750	26.614000	32.098200	4.631110	25.881377
92000	26.172000	20.472200	4.635860	33.341388
93250	26.452000	32.717800	4.636130	25.596016
94750	26.569000	36.627100	4.635970	23.740939
96000	26.849000	30.023600	4.630740	26.987795
97250	26.202000	28.002100	4.634350	28.172313
98500	26.130000	14.649700	4.633790	38.476332
99750	26.260000	43.632400	4.634960	20.941762
101250	26.720000	33.891300	4.635830	25.012203
102500	26.364000	32.450200	4.636490	25.734206
103750	26.310000	33.228600	4.636660	25.343145
105000	26.262000	28.528000	4.636930	27.879612
106500	26.462000	37.076400	4.636640	23.546438
107750	26.692000	25.486100	4.636780	29.756011
109000	26.272000	29.795800	4.636930	27.154988
110250	26.192000	23.074100	4.637140	31.402787
111500	26.493000	33.964700	4.636630	24.981399
113000	26.589000	33.950700	4.636570	24.987815
114250	26.560000	34.517600	4.636300	24.713636
115500	26.124000	23.821900	4.636780	30.874594
116750	26.303000	39.130400	4.636150	22.672514
118250	26.484000	39.256800	4.636330	22.621680
119500	26.617000	26.897800	4.635450	28.849951
120750	26.188000	32.286400	4.636140	25.815900
122000	26.048000	22.725500	4.635970	31.643964
123250	26.245000	40.301600	4.635560	22.197345
124750	26.544000	29.660900	4.636410	27.227107
126000	26.464000	31.684200	4.636600	26.130927
127250	26.103000	19.544900	4.636080	34.086126
128500	26.189000	25.214500	4.635390	29.924008
129750	26.209000	42.610000	4.636490	21.320546
131250	26.443000	33.356700	4.636470	25.278410
132500	25.804000	31.574700	4.636890	26.190354
133750	25.638000	43.713600	4.636500	20.920579
135000	25.629000	33.432200	4.636960	25.244209
136500	25.521000	37.707800	4.636900	23.274117
137750	25.650000	30.271500	4.636860	26.890939
139000	25.367000	20.245400	4.637190	33.531665
140250	25.579000	29.299000	4.637050	27.436066
141500	25.949000	35.678600	4.636960	24.175007
143000	26.084000	30.234800	4.637050	26.912265
144250	25.420000	23.325300	4.637090	31.224462
145500	25.480000	32.437900	4.636980	25.743694
146750	25.390000	40.837400	4.636740	21.993447
148250	25.195000	36.341000	4.636470	23.871820
149500	25.182000	27.471900	4.636520	28.505894
150750	24.919000	36.614100	4.636410	23.749509
152000	24.942000	27.386600	4.636650	28.558671
153250	25.010000	41.756700	4.636410	21.638978
154750	24.695000	26.099300	4.636700	29.360774
156000	24.464000	25.078500	4.636720	30.023817
157250	24.013000	30.475300	4.637570	26.784203
158500	24.142000	30.380400	4.637370	26.834795
160000	24.085000	35.715800	4.637470	24.161246
161250	23.769000	30.931500	4.638330	26.541915
162500	23.054000	26.504600	4.640040	29.128183
163750	23.068000	39.975900	4.639810	22.350088
165000	22.998000	37.075900	4.638800	23.559440
166500	23.168000	29.933500	4.639010	27.092438
167750	22.292000	31.516100	4.639870	26.240715
169000	22.223000	21.980400	4.640340	32.224646
170250	22.008000	32.968800	4.640670	25.498272
171750	22.272000	32.683100	4.640670	25.642354
173000	21.938000	28.048600	4.641780	28.196067
174250	21.503000	30.568900	4.641660	26.760003
175500	21.127000	27.274000	4.642460	28.668332
176750	21.553000	43.182900	4.642890	21.144154
178250	21.221000	30.776600	4.643710	26.660408
179500	21.018000	31.271200	4.643750	26.395233
180750	20.493000	38.386100	4.645470	23.033946
182000	20.435000	31.176600	4.646380	26.462481
183500	20.452000	37.481600	4.647020	23.429192
184750	20.267000	29.523500	4.648160	27.383073
186000	19.837000	22.740500	4.648890	31.733690
187250	19.379000	32.663100	4.649210	25.705669
188500	19.731000	36.014000	4.649610	24.096053
190000	19.530000	31.762500	4.650170	26.176515
191250	19.401000	30.988100	4.650280	26.588597
192500	18.881000	26.669300	4.650420	29.098554
193750	18.701000	41.686200	4.650150	21.737884
195250	18.716000	38.971600	4.650310	22.816251
196500	18.418000	29.749000	4.650910	27.274358
197750	18.110000	31.265900	4.650890	26.443916
199000	17.982000	24.919500	4.651670	30.239702
200250	17.794000	37.405000	4.652190	23.491929
201750	18.106000	28.408100	4.652910	28.059286
203000	17.729000	29.037500	4.653800	27.698504
204250	17.398000	38.585400	4.653830	22.996666
205500	17.191000	29.872000	4.654720	27.230525
206750	17.502000	40.675500	4.654920	22.153873
208250	17.065000	37.242000	4.656270	23.586184
209500	16.915000	41.628200	4.656610	21.793799
210750	16.746000	47.115100	4.656800	19.864200
212000	16.286000	38.675700	4.657960	22.981670
213500	16.391000	36.669800	4.658420	23.851532
214750	16.127000	43.812100	4.658220	20.995367
216000	15.435000	34.315200	4.658610	24.945408
217250	15.386000	37.218000	4.658600	23.610117
218500	15.189000	37.228100	4.659540	23.611018
220000	15.293000	36.080400	4.659360	24.122806
221250	14.598000	44.511900	4.660680	20.760215
222500	14.348000	39.930100	4.660380	22.479965
223750	14.199000	43.000900	4.660970	21.303079
225250	14.135000	38.181300	4.661160	23.208365
226500	13.860000	40.911800	4.661640	22.097264
227750	13.617000	45.673100	4.663210	20.372877
229000	13.399000	31.351500	4.664460	26.485205
230250	12.898000	38.821700	4.668320	22.977897
231750	13.124000	36.947700	4.669630	23.792097
233000	12.352000	38.157500	4.676050	23.301279
234250	12.127000	41.871300	4.675930	21.802031
235500	12.357000	31.475700	4.677580	26.502152
237000	12.581000	34.229700	4.677280	25.098765
238250	12.346000	35.137200	4.679310	24.676410
239500	12.093000	33.737700	4.678290	25.345926
240750	11.763000	41.806100	4.683630	21.866857
242000	11.784000	37.351600	4.682360	23.685886
243500	11.506000	29.246900	4.689310	27.814577
244750	11.322000	36.060900	4.687840	24.296588
246000	11.160000	30.967300	4.692660	26.872010
247250	10.880000	33.330900	4.553220	24.789179
248750	11.017000	31.708300	4.610350	25.956820
250000	10.899000	31.466800	4.693810	26.609762
251250	10.149000	37.594100	4.708000	23.723709
252500	10.095000	31.347600	4.709030	26.770327
253750	9.947000	42.174500	4.715940	21.893646
255250	9.904000	32.566500	4.721540	26.203701
256500	9.695000	34.801200	4.725100	25.107066
257750	8.988000	46.190200	4.729450	20.518256
259000	9.270000	32.685500	4.737090	26.238174
260500	8.933000	37.550200	4.744850	23.950059
261750	9.075000	34.326600	4.749640	25.484522
263000	8.812000	29.349100	4.762220	28.238464
264250	8.358000	35.595500	4.763490	24.953053
265500	8.630000	36.626000	4.770830	24.514426
267000	8.313000	34.511500	4.789610	25.632078
268250	8.181000	45.649300	4.792430	21.009347
269500	7.637000	49.812600	4.815180	19.742860
270750	7.704000	46.881300	4.814430	20.691532
272250	7.570000	45.654700	4.836410	21.221735
273500	7.354000	45.068100	4.823600	21.367606
274750	6.861000	54.698300	4.757060	18.076331
276000	6.573000	37.445700	4.856410	24.625880
277250	6.182000	45.793100	4.927940	21.618808
278750	6.296000	43.052800	4.922700	22.617379
280000	5.488000	42.455700	4.965990	23.075809
281250	5.268000	42.141100	4.983860	23.295375
282500	5.044000	30.954600	4.976540	28.702197
284000	4.947000	41.839800	4.981670	23.406842
285250	4.712000	35.077600	4.973020	26.440542
286500	4.299000	34.941200	4.978370	26.541706
287750	3.758000	38.736700	5.008710	24.890600
289000	3.791000	51.066700	4.875020	19.626589
290500	3.244000	57.573500	5.027990	18.431422
291750	3.229000	71.890300	5.033810	15.283807
293000	2.614000	58.923000	5.030090	18.089588
294250	2.554000	51.956900	5.030290	20.044054
295750	2.548000	56.939800	5.027550	18.598529
297000	2.363000	62.849200	5.021400	17.104748
298250	1.884000	69.833600	5.018930	15.622095
299500	1.670000	54.908400	5.017470	19.116975
