Time(ms)	Pres(dbar)	Temp(C)	Cond(S/m)	Sal(PSU)
2000	31.724000	23.613800	4.647050	31.094545
3500	32.016000	31.609300	4.646880	26.233712
4750	31.896000	27.960500	4.646340	28.277118
6000	31.398000	17.320000	4.646110	36.068745
7250	31.445000	17.917800	4.645930	35.539509
8750	32.004000	29.593200	4.643570	27.310887
10000	32.135000	31.810400	4.643370	26.106196
11250	31.465000	22.650100	4.643710	31.756017
12500	31.419000	16.133500	4.642910	37.125847
13750	31.757000	26.465300	4.642840	29.170287
15250	32.127000	32.208200	4.642610	25.895071
16500	31.667000	28.876400	4.643000	27.716415
17750	31.494000	17.837700	4.643570	35.589167
19000	31.579000	18.404700	4.644110	35.103500
20250	31.981000	29.483900	4.644470	27.378552
21750	32.163000	31.732600	4.644460	26.153724
23000	31.559000	25.007000	4.644840	30.128066
24250	31.229000	15.560000	4.644710	37.685910
25500	31.763000	24.929900	4.644510	30.176918
27000	32.185000	36.020100	4.644400	24.061055
28250	31.923000	34.969700	4.644400	24.546556
29500	31.277000	31.217200	4.644520	26.426696
30750	31.657000	30.067100	4.644710	27.053365
32000	31.965000	32.791300	4.645000	25.612262
33500	32.152000	40.112300	4.645870	22.326618
34750	31.743000	39.551500	4.645780	22.551904
36000	31.531000	28.017400	4.647020	28.247855
37250	31.601000	35.794400	4.646500	24.176226
38750	32.052000	41.328800	4.647400	21.858334
40000	32.026000	46.335000	4.648250	20.077079
41250	31.505000	45.357500	4.648270	20.405235
42500	31.513000	41.406900	4.648490	21.834115
43750	31.823000	49.805400	4.648600	18.986788
45250	32.000000	49.645900	4.648500	19.034153
46500	31.188000	56.469800	4.649630	17.170943
47750	31.128000	48.289800	4.650230	19.457908
49000	31.270000	37.321700	4.650680	23.517496
50500	31.807000	46.488700	4.650900	20.039045
51750	31.349000	48.064200	4.650340	19.529153
53000	30.897000	46.926800	4.649260	19.887955
54250	30.517000	42.898300	4.648640	21.275870
55500	31.029000	41.540100	4.648410	21.782785
57000	30.769000	50.766400	4.650880	18.713363
58250	30.425000	54.776200	4.653370	17.618262
59500	29.766000	47.410900	4.655870	19.762888
60750	30.070000	48.180100	4.656160	19.519928
62250	30.400000	44.363600	4.657430	20.794129
63500	30.209000	54.085700	4.657600	17.818080
64750	29.529000	55.672900	4.659880	17.414076
66000	29.580000	39.395300	4.660670	22.696383
67250	29.904000	46.369100	4.659790	20.121312
68750	29.921000	48.153400	4.656640	19.530565
70000	29.591000	58.938800	4.655350	16.598415
71250	28.797000	53.827100	4.654730	17.875092
72500	28.867000	46.106000	4.654910	20.185481
74000	29.439000	52.114500	4.654320	18.343022
75250	29.052000	55.815300	4.655050	17.357938
76500	28.612000	61.287500	4.654240	16.062012
77750	28.632000	50.921000	4.654440	18.684458
79000	28.683000	42.194700	4.656140	21.575338
80500	28.928000	52.075200	4.654920	18.356735
81750	28.731000	55.461800	4.655100	17.448329
83000	28.250000	46.072000	4.655420	20.199355
84250	28.091000	47.017500	4.655320	19.887532
85750	28.484000	48.252600	4.655100	19.492440
87000	27.994000	56.523000	4.655190	17.180665
88250	27.456000	59.825900	4.656180	16.396952
89500	27.368000	51.242700	4.656900	18.602475
90750	27.508000	52.580300	4.661470	18.244218
92250	27.935000	53.142900	4.660290	18.084078
93500	27.449000	59.653300	4.661040	16.455410
94750	27.051000	58.156600	4.661800	16.808957
96000	26.910000	40.909500	4.666730	22.123057
97500	27.535000	52.183900	4.670730	18.395285
98750	27.357000	49.139800	4.673800	19.303650
100000	26.463000	57.223600	4.674020	17.084020
101250	26.394000	50.851800	4.676100	18.801242
102500	26.747000	45.933200	4.675390	20.342332
104000	26.901000	54.898900	4.677640	17.688132
105250	26.614000	59.796100	4.676930	16.484634
106500	25.988000	58.654900	4.678290	16.756080
107750	25.730000	52.794600	4.680170	18.265836
109000	26.236000	47.727500	4.682190	19.785355
110500	26.084000	54.034400	4.701790	18.019483
111750	25.925000	58.031200	4.717710	17.062517
113000	25.376000	42.067900	4.725980	21.984006
114250	25.454000	49.016400	4.710410	19.509795
115750	26.158000	47.568700	4.704340	19.940419
117000	25.663000	56.686200	4.709760	17.362692
118250	24.866000	57.826500	4.708610	17.075953
119500	25.250000	48.425000	4.733990	19.804467
120750	25.602000	53.938100	4.743090	18.221091
122250	25.736000	55.540600	4.751790	17.829451
123500	25.296000	61.127000	4.766790	16.528349
124750	24.499000	57.642900	4.817610	17.559893
126000	24.879000	44.340800	4.823760	21.629369
127500	24.855000	53.391600	4.850030	18.830837
128750	24.661000	55.075800	4.854400	18.381772
130000	24.419000	52.278800	4.856880	19.181790
131250	23.994000	49.698700	4.878760	20.066496
132500	24.439000	49.808200	4.880380	20.039170
134000	24.486000	57.365200	4.884880	17.902687
135250	23.825000	64.702300	4.905270	16.260512
136500	23.606000	58.466900	4.900010	17.684054
137750	23.463000	55.383500	4.916410	18.557863
139250	23.926000	53.910800	4.922620	18.994757
140500	23.747000	62.656300	4.914790	16.745196
141750	23.171000	67.649700	4.917900	15.697605
143000	22.964000	47.837200	4.925600	20.893244
144250	23.546000	55.658600	4.930680	18.542462
145750	23.580000	54.316400	4.928750	18.906023
147000	22.754000	69.359000	4.936880	15.429510
148250	22.635000	58.622500	4.942490	17.814696
149500	22.871000	50.655800	4.932570	20.009356
151000	23.035000	57.536700	4.932310	18.050971
152250	22.764000	61.294000	4.925580	17.099439
153500	22.678000	60.787600	4.937860	17.266326
154750	22.663000	51.720600	4.933810	19.687179
156000	22.778000	44.429400	4.936320	22.158136
157500	22.640000	53.599100	4.940230	19.159723
158750	22.361000	54.712100	4.937430	18.831869
160000	21.944000	36.825600	4.932380	25.343773
161250	21.865000	34.852600	4.935400	26.327500
162750	22.102000	37.700900	4.934730	24.947919
164000	21.954000	37.972000	4.944070	24.875857
165250	21.444000	27.794200	4.946800	30.438272
166500	21.135000	20.229000	4.950390	36.098834
167750	21.274000	30.527600	4.947740	28.761610
169250	21.044000	34.084900	4.951990	26.821208
170500	20.556000	29.378100	4.950460	29.468154
171750	20.049000	19.510100	4.953250	36.747654
173000	20.164000	23.783700	4.953770	33.278333
174500	20.226000	32.004800	4.954260	27.957611
175750	20.111000	32.030500	4.951900	27.928410
177000	19.656000	23.767700	4.950140	33.263109
178250	18.971000	18.961900	4.955970	37.259661
179500	19.485000	27.250000	4.959260	30.880527
181000	19.320000	35.293000	4.959370	26.248346
182250	18.765000	29.677700	4.958740	29.341219
183500	18.188000	20.147200	4.957920	36.231959
184750	18.284000	25.492700	4.958620	32.074287
186250	18.328000	32.284300	4.959110	27.832990
187500	17.969000	32.854800	4.960310	27.527390
188750	17.551000	25.618500	4.960550	32.000135
190000	17.142000	19.951300	4.831850	35.363266
191250	17.391000	27.133400	4.961150	30.971468
192750	17.225000	34.098600	4.961790	26.874095
194000	16.994000	31.719100	4.961370	28.163854
195250	16.203000	20.536000	4.962860	35.940689
196500	16.252000	22.467700	4.962210	34.355158
198000	16.144000	35.231400	4.962700	26.299565
199250	16.252000	36.428900	4.963330	25.712794
200500	15.400000	29.327500	4.966220	29.605458
201750	15.124000	24.593300	4.966050	32.773652
203000	15.334000	29.181400	4.968010	29.707468
204500	15.332000	36.473400	4.970160	25.730897
205750	15.048000	34.386700	4.970520	26.777421
207000	14.260000	26.772500	4.972020	31.289945
208250	14.371000	25.881800	4.971580	31.896713
209500	14.463000	35.147900	4.972720	26.401288
211000	14.220000	40.218700	4.972230	24.035220
212250	13.587000	36.360300	4.972570	25.799966
213500	13.505000	32.572900	4.974100	27.768350
214750	13.211000	38.640400	4.976430	24.753702
216250	13.643000	41.146300	4.977020	23.667897
217500	13.173000	48.150500	4.977910	21.034364
218750	12.764000	44.637300	4.976550	22.282069
220000	12.498000	36.268600	4.980070	25.888260
221250	12.710000	50.216200	4.983140	20.378115
222750	12.796000	48.679500	4.989150	20.908726
224000	12.040000	59.671600	4.919900	17.465985
225250	11.892000	56.185900	4.995820	18.670754
226500	11.842000	50.429700	4.995490	20.365996
228000	11.966000	55.821300	4.991680	18.753228
229250	11.509000	60.272900	4.995010	17.613487
230500	11.382000	65.142100	4.999160	16.510431
231750	11.057000	57.769800	5.001530	18.271840
233000	11.059000	50.372300	5.000400	20.406655
234500	10.912000	56.279100	5.006420	18.689371
235750	10.900000	60.641400	5.011220	17.586933
237000	10.408000	50.573700	5.010930	20.390069
238250	10.300000	52.475900	5.010410	19.797328
239750	10.096000	51.840400	5.017600	20.022958
241000	10.194000	56.251700	5.020060	18.753382
242250	9.520000	60.318200	5.018990	17.696203
243500	9.514000	53.517100	5.018690	19.522972
244750	9.205000	53.780900	5.022120	19.460422
246250	9.403000	34.973000	4.990490	26.596595
247500	8.649000	30.044300	5.025770	29.563617
248750	8.504000	20.009100	5.026390	36.919971
250000	8.481000	25.267000	5.025020	32.721069
251500	8.547000	34.096900	5.025210	27.260640
252750	8.293000	33.971900	5.024650	27.323614
254000	7.952000	24.827100	5.026160	33.049184
255250	7.310000	19.597300	5.036780	37.372329
256500	7.660000	29.262800	5.035940	30.113375
258000	7.469000	37.069100	5.037680	25.832896
259250	6.998000	30.339400	5.038610	29.469611
260500	6.429000	19.895500	5.040740	37.139864
261750	6.539000	27.551900	5.041640	31.257180
263250	6.383000	35.440900	5.042840	26.669091
264500	6.270000	39.186700	4.967090	24.458888
265750	5.409000	32.756500	5.044570	28.107702
267000	5.312000	27.638700	5.044890	31.222338
268250	5.216000	36.717100	5.043370	26.036653
269750	5.448000	39.108300	5.044010	24.916963
271000	4.671000	35.502100	5.044850	26.650188
272250	4.237000	19.354400	5.045900	37.668857
273500	4.150000	23.812800	5.045840	33.956144
275000	4.272000	36.588300	5.045280	26.110840
276250	3.930000	35.969200	5.045730	26.420087
277500	3.491000	27.250700	5.045150	31.484212
278750	3.394000	22.450800	5.045440	35.020998
280000	3.451000	29.314400	5.049670	30.173998
281500	3.489000	37.199200	5.051280	25.848711
282750	3.016000	33.372800	5.066370	27.903081
284000	2.396000	21.278500	5.069700	36.180159
285250	2.081000	21.782300	5.073730	35.790254
286750	2.212000	34.235000	5.075660	27.494101
288000	2.133000	36.829000	5.077790	26.180710
289250	1.723000	26.776300	5.077120	32.033104
290500	1.820000	19.928700	5.074270	37.390209
291750	2.148000	30.766600	5.075020	29.451249
293250	2.382000	36.800300	5.075970	26.184253
294500	2.067000	33.317800	5.075720	27.991057
295750	1.723000	21.804500	5.078370	35.808746
297000	1.648000	22.969200	5.080240	34.877073
298500	1.830000	33.835800	5.085020	27.765550
