Time(ms)	Pres(dbar)	Temp(C)	Cond(S/m)	Sal(PSU)
1750	23.346000	31.421900	4.543390	25.682009
3000	23.113000	23.989100	4.543580	30.069881
4250	22.844000	15.659100	4.543800	36.678884
5500	23.016000	25.487200	4.543550	29.088967
7000	23.310000	35.702100	4.543160	23.621669
8250	23.080000	31.093300	4.543320	25.852295
9500	22.692000	15.096200	4.543380	37.205782
10750	23.185000	34.251900	4.542610	24.283434
12000	23.110000	37.313000	4.542580	22.915665
13500	23.201000	32.045600	4.542640	25.358640
14750	22.991000	34.913100	4.542680	23.976785
16000	23.086000	12.358100	4.542950	39.968579
17250	23.053000	29.796000	4.542570	26.540370
18750	23.358000	36.946900	4.542460	23.071450
20000	23.223000	28.031900	4.542630	27.534478
21250	22.678000	21.420500	4.542980	31.879782
22500	23.031000	14.612800	4.543150	37.669171
23750	23.204000	36.862000	4.542820	23.110067
25250	22.879000	31.873900	4.542720	25.446261
26500	23.142000	29.673600	4.542710	26.608251
27750	23.363000	30.029300	4.542830	26.415092
29000	22.734000	25.733500	4.542900	28.928277
30500	23.239000	39.314000	4.542630	22.092053
31750	23.192000	32.038400	4.542850	25.363588
33000	23.254000	19.926400	4.543180	33.021199
34250	22.635000	19.634400	4.543100	33.251386
35500	22.862000	32.465900	4.542780	25.148590
37000	23.116000	30.753900	4.542650	26.026321
38250	22.961000	29.864800	4.542590	26.502992
39500	23.175000	10.353300	4.542680	42.207727
40750	23.236000	34.036400	4.542330	24.383300
42000	22.837000	38.910400	4.541890	22.250087
43500	23.290000	30.352000	4.541720	26.234117
44750	23.243000	32.550600	4.541780	25.100206
46000	22.861000	17.482800	4.542020	35.025765
47250	22.837000	36.050600	4.541730	23.458378
48750	22.961000	32.668900	4.541870	25.042149
50000	23.434000	28.810400	4.542200	27.085431
51250	22.641000	15.072500	4.542450	37.219865
52500	21.984000	19.024000	4.542330	33.735928
53750	21.771000	39.494400	4.542000	22.017135
55250	21.346000	29.546500	4.542110	26.674590
56500	21.063000	23.839800	4.542150	30.160605
57750	21.008000	34.244800	4.542140	24.284374
59000	20.760000	34.763400	4.542230	24.043483
60500	20.388000	33.840000	4.542390	24.477368
61750	20.493000	35.643200	4.542450	23.644450
63000	19.894000	10.295100	4.543460	42.285749
64250	19.739000	23.789300	4.543110	30.202306
65500	19.221000	36.543900	4.543750	23.253900
67000	19.258000	27.994000	4.544490	27.570039
68250	19.045000	25.732600	4.544970	28.944527
69500	18.395000	12.171500	4.545440	40.196201
70750	18.418000	36.741500	4.544860	23.174487
72250	18.353000	33.867700	4.545090	24.480748
73500	18.060000	31.563700	4.546240	25.627921
74750	17.326000	28.983100	4.548650	27.032234
76000	17.296000	22.620200	4.548130	31.051452
77250	17.421000	38.789300	4.549170	22.339625
78750	16.993000	31.177800	4.550250	25.853337
80000	16.969000	24.226900	4.551290	29.968986
81250	15.795000	18.089200	4.560810	34.670255
82500	15.896000	28.061900	4.484940	27.129543
84000	15.918000	34.697300	4.561750	24.190005
85250	15.569000	31.024100	4.562980	26.014863
86500	15.119000	15.031700	4.567800	37.495575
87750	14.559000	35.453200	4.588280	23.997386
89000	14.701000	37.707300	4.599020	23.064826
90500	14.546000	29.976600	4.600610	26.820702
91750	14.156000	35.211100	4.624110	24.317965
93000	13.557000	18.055600	4.693180	35.830951
94250	13.646000	32.492500	4.727440	26.277949
95750	13.104000	36.101800	4.781550	24.818453
97000	13.202000	28.332200	4.791110	29.039034
98250	12.769000	23.079100	4.797440	32.620968
99500	12.307000	23.447800	4.839330	32.666438
100750	12.137000	39.200300	4.883630	23.994698
102250	12.248000	32.803400	4.930250	27.370151
103500	11.668000	31.543700	4.941610	28.138722
104750	11.432000	38.098500	4.919920	24.684788
106000	11.071000	32.168000	4.955880	27.878858
107500	11.378000	38.495800	4.937470	24.603061
108750	10.993000	35.021200	4.977770	26.496121
110000	10.404000	20.179500	4.986270	36.439911
111250	10.591000	28.612700	5.010200	30.349585
112500	9.858000	35.809100	5.023960	26.371638
114000	9.352000	30.371700	5.019820	29.326720
115250	9.044000	33.789600	5.028620	27.444871
116500	9.017000	20.199000	5.022900	36.724662
117750	8.914000	36.312700	5.024930	26.127545
119250	8.545000	40.269600	5.031530	24.333573
120500	8.227000	32.012800	5.034680	28.463463
121750	7.677000	37.194600	5.037050	25.768918
123000	7.711000	28.164000	4.858060	29.599082
124250	7.397000	39.611600	4.951390	24.186190
125750	7.178000	34.141000	5.038130	27.315824
127000	6.906000	28.567800	5.036620	30.558580
128250	6.379000	25.427200	5.044820	32.750747
129500	6.476000	27.444000	5.050390	31.390124
130750	6.136000	39.385400	5.056700	24.861652
132250	6.098000	32.994700	5.061320	28.079438
133500	5.556000	26.036300	5.066100	32.470449
134750	4.965000	41.149800	5.053440	24.072918
136000	4.992000	39.377100	5.074530	24.963356
137500	4.702000	34.936600	5.077090	27.132384
138750	4.365000	38.699500	5.079480	25.300141
140000	4.078000	20.434100	5.079920	36.989192
141250	3.551000	31.567200	5.079940	29.009001
142500	3.424000	45.779700	5.025560	22.100750
144000	2.992000	42.279700	4.960790	23.119869
145250	2.540000	49.565400	5.109490	21.170309
146500	2.149000	25.766700	5.112230	32.996971
147750	1.863000	38.321700	5.113840	25.668416
149250	1.646000	44.235200	5.063550	22.872479
150500	1.366000	42.650400	5.113840	23.762386
151750	0.957000	42.406600	5.116620	23.877615
153000	0.894000	28.140400	5.120300	31.411126
154250	0.565000	42.402200	5.121230	23.903475
155750	0.537000	38.197500	5.115790	25.738201
157000	0.485000	31.543700	5.118750	29.271661
158250	0.082000	31.964900	5.125280	29.066700
159500	0.279000	42.560300	5.121080	23.837229
161000	0.558000	52.720600	5.120270	20.205350
162250	0.788000	51.425400	5.126990	20.641122
163500	0.589000	34.760900	5.128300	27.532064
164750	0.671000	44.046000	5.125260	23.257799
166000	0.773000	46.736400	5.122180	22.220239
167500	0.842000	43.788900	5.120870	23.337582
168750	0.722000	52.309600	5.120100	20.331753
170000	0.735000	34.101200	5.119380	27.831422
171250	0.702000	42.286200	5.123280	23.962406
172750	0.987000	45.142700	5.125030	22.829854
174000	0.828000	47.598000	5.125110	21.923633
175250	0.756000	50.103000	5.122850	21.052601
176500	0.704000	36.379100	5.123020	26.665789
177750	0.916000	49.614200	5.125940	21.229866
179250	0.921000	51.036200	5.124060	20.752928
180500	0.791000	57.573100	5.125850	18.829921
181750	0.796000	51.701200	5.126390	20.550687
183000	0.915000	40.852800	5.124590	24.580500
184500	1.462000	41.963500	5.132480	24.145763
185750	1.757000	44.336100	5.131430	23.174419
187000	1.913000	21.036600	5.130280	36.875561
188250	2.426000	26.081800	5.131000	32.905843
189500	3.429000	38.943300	5.129150	25.463091
191000	4.395000	35.424500	5.129060	27.187792
192250	5.195000	32.866000	5.125310	28.549364
193500	6.105000	7.097700	5.113410	52.967960
194750	7.154000	39.612300	5.099420	24.993203
196250	8.365000	41.056900	5.084180	24.275433
197500	9.349000	37.962900	5.080190	25.647344
198750	9.915000	31.892300	5.080740	28.823881
200000	10.573000	11.081200	5.080170	46.949621
201250	11.345000	43.626800	5.078330	23.184380
202750	12.203000	37.740200	5.077270	25.735954
204000	12.805000	29.431700	5.076200	30.275397
205250	13.287000	1.576900	5.074330	62.244809
206500	13.917000	23.826400	5.068700	34.115383
208000	14.525000	43.200400	5.064590	23.283660
209250	14.897000	35.067000	5.058490	26.951824
210500	15.321000	15.472000	5.040700	41.423802
211750	15.711000	30.684200	5.038170	29.257907
213000	16.122000	37.483300	5.037180	25.630255
214500	16.467000	37.600400	5.045070	25.619329
215750	16.965000	38.639400	4.998870	24.877959
217000	17.184000	-0.507200	5.013480	65.753206
218250	17.844000	25.709600	4.933660	31.742393
219750	18.782000	40.409100	4.870860	23.409903
221000	19.391000	34.032300	4.776770	25.791449
222250	19.863000	17.240900	4.681320	36.451677
223500	20.035000	-8.873700	4.751390	83.788405
224750	20.308000	37.162700	4.727850	24.024746
226250	20.412000	33.184400	4.704050	25.777325
227500	20.899000	30.164100	4.632920	26.925627
228750	21.413000	21.324600	4.615510	32.522657
230000	21.086000	17.935600	4.612360	35.240165
231500	21.380000	40.493800	4.609050	21.981773
232750	20.980000	34.551100	4.602760	24.499958
234000	21.094000	18.630200	4.587430	34.438150
235250	21.664000	-10.336500	4.573950	84.964684
236500	21.739000	28.838400	4.590130	27.388642
238000	21.179000	33.896800	4.574350	24.641684
239250	20.599000	28.832600	4.580410	27.327552
240500	20.845000	-5.263300	4.566710	69.767462
241750	21.218000	26.542000	4.568880	28.607333
243000	21.785000	37.445000	4.568580	23.005338
244500	21.417000	32.151400	4.568710	25.467337
245750	20.614000	32.374000	4.570550	25.366423
247000	20.077000	-5.388900	4.581760	70.356144
248250	20.294000	33.633300	4.567700	24.728525
249750	19.859000	35.465700	4.566090	23.861739
251000	19.387000	29.431000	4.572870	26.940664
252250	18.938000	3.514700	4.574350	51.993636
253500	18.255000	5.498300	4.570580	48.889558
254750	18.370000	39.118300	4.569530	22.316946
256250	18.336000	30.441900	4.569230	26.363871
257500	17.686000	22.657600	4.573180	31.215904
258750	17.308000	21.707000	4.577880	31.942478
260000	17.051000	30.535300	4.584350	26.411049
261500	17.043000	35.508500	4.586440	23.961030
262750	16.625000	37.615600	4.615640	23.196426
264000	16.513000	4.906000	4.633620	50.551617
265250	15.934000	13.084500	4.669010	40.432125
266500	15.808000	36.675500	4.661170	23.864750
268000	15.570000	31.145900	4.688630	26.748502
269250	15.182000	24.993000	4.763650	31.005348
270500	14.969000	-4.025300	4.794040	70.559766
271750	14.418000	33.758600	4.844730	26.341812
273250	14.368000	34.941700	4.841730	25.728218
274500	13.961000	35.623800	4.852930	25.460909
275750	13.509000	28.935500	4.859310	29.130791
277000	12.645000	11.456300	4.932730	44.944243
278250	12.386000	41.103400	4.928650	23.429888
279750	12.035000	35.173800	4.941930	26.206427
281000	11.586000	25.507300	4.943470	31.956184
282250	11.059000	7.415300	4.947730	50.543326
283500	10.456000	27.744600	4.979060	30.695796
285000	9.838000	38.082600	5.003400	25.159725
286250	9.251000	34.512800	5.005080	26.920862
287500	9.135000	14.811600	5.022630	41.965283
288750	8.393000	33.672600	5.042410	27.592059
290000	7.999000	39.970400	5.039650	24.508350
291500	7.435000	35.473900	5.042420	26.649633
292750	6.941000	38.530600	5.031890	25.112846
294000	6.522000	14.098400	5.044660	42.963507
295250	6.160000	33.222000	5.051810	27.895306
296750	5.858000	39.321000	5.050980	24.859286
298000	5.051000	32.745400	5.058370	28.199945
299250	4.793000	21.817400	5.060810	35.657803
