Time(ms)	Pres(dbar)	Temp(C)	Cond(S/m)	Sal(PSU)
1750	41.785000	41.244000	4.673130	22.024223
3250	43.206000	35.375600	4.673370	24.524091
4500	42.243000	38.664900	4.673360	23.066554
5750	40.952000	25.996800	4.673600	29.683616
7000	41.426000	29.970900	4.673460	27.291813
8500	42.652000	37.820700	4.673370	23.426106
9750	43.139000	32.539600	4.673300	25.912560
11000	41.782000	43.426100	4.672800	21.204143
12250	40.928000	28.432900	4.672920	28.173818
13500	42.006000	36.245800	4.672700	24.119662
15000	43.301000	38.034300	4.672500	23.329279
16250	42.417000	31.183900	4.672590	26.620290
17500	40.479000	30.172900	4.672640	27.173890
18750	40.855000	28.848100	4.672660	27.928354
20000	42.151000	33.788500	4.672750	25.281657
21500	42.286000	35.024900	4.673010	24.686913
22750	40.694000	30.458200	4.673200	27.019482
24000	39.681000	32.710100	4.673160	25.825132
25250	40.208000	37.886400	4.673070	23.396506
26750	41.467000	35.271600	4.673200	24.572077
28000	40.989000	41.608600	4.673220	21.884233
29250	39.247000	29.234600	4.673640	27.711500
30500	38.661000	33.140200	4.673130	25.607229
31750	40.326000	40.600400	4.673310	22.277425
33250	40.258000	31.159300	4.673780	26.641541
34500	39.021000	36.827800	4.673610	23.863574
35750	37.847000	29.244300	4.674110	27.709358
37000	38.625000	37.263100	4.674010	23.673243
38500	39.754000	42.008900	4.673850	21.735120
39750	39.397000	42.146400	4.673380	21.680773
41000	37.816000	50.879800	4.673200	18.778973
42250	37.330000	37.874200	4.673210	23.403015
43500	38.735000	44.919800	4.673150	20.676394
45000	39.211000	46.901200	4.673960	20.012545
46250	38.123000	47.313000	4.674070	19.879209
47500	36.863000	45.657900	4.674310	20.428975
48750	37.527000	40.872100	4.674840	22.178884
50250	38.759000	40.962300	4.674620	22.142203
51500	38.594000	52.733400	4.674340	18.256367
52750	37.133000	49.199600	4.673910	19.284756
54000	36.556000	41.615000	4.673590	21.884336
55250	37.424000	45.219700	4.673150	20.572981
56750	38.040000	45.462900	4.673670	20.492112
58000	37.245000	61.333800	4.673130	16.123203
59250	35.806000	50.999700	4.673160	18.744049
60500	36.114000	42.895100	4.673010	21.400149
62000	37.329000	48.811100	4.672720	19.398920
63250	37.142000	46.734900	4.672660	20.061164
64500	35.635000	58.981900	4.672420	16.655125
65750	35.206000	42.192900	4.672620	21.659920
67000	36.369000	43.737700	4.672610	21.091406
68500	36.644000	49.185800	4.674100	19.289906
69750	36.139000	55.682600	4.675170	17.474239
71000	35.257000	58.698700	4.675310	16.733190
72250	35.205000	44.808100	4.676610	20.732677
73750	36.233000	47.832100	4.677940	19.730892
75000	36.487000	55.992700	4.677770	17.405871
76250	35.198000	61.878600	4.677680	16.021299
77500	34.177000	48.180500	4.677600	19.618998
78750	35.398000	47.762100	4.676600	19.747059
80250	36.527000	45.327500	4.676800	20.553882
81500	35.378000	60.821900	4.676530	16.249993
82750	34.449000	47.322200	4.676920	19.890100
84000	34.548000	44.999100	4.677400	20.670283
85500	35.340000	48.414300	4.678270	19.548412
86750	35.669000	48.572600	4.678700	19.500831
88000	34.375000	62.380000	4.678190	15.914848
89250	33.275000	45.880600	4.679420	20.378737
90500	34.278000	46.109100	4.679500	20.302090
92000	35.283000	48.825000	4.679000	19.423735
93250	34.477000	49.460000	4.678780	19.227754
94500	32.854000	53.300700	4.680420	18.126856
95750	33.321000	41.292900	4.682040	22.053116
97250	34.276000	42.108000	4.685660	21.759306
98500	34.308000	47.644000	4.686140	19.829730
99750	32.834000	42.716300	4.686490	21.535464
101000	32.166000	40.809100	4.686250	22.264640
102250	32.211000	42.494700	4.685750	21.614448
103750	33.542000	38.680400	4.686300	23.132436
105000	32.374000	47.799700	4.686810	19.783177
106250	31.160000	36.504100	4.688490	24.095033
107500	30.512000	36.865100	4.688570	23.933361
108750	31.525000	39.073100	4.691690	22.997660
110250	31.692000	28.517000	4.692980	28.261178
111500	29.823000	34.041200	4.705800	25.358441
112750	28.786000	32.281800	4.707680	26.262075
114000	29.442000	35.974800	4.713280	24.479940
115500	29.782000	35.965600	4.719890	24.522365
116750	29.513000	31.057700	4.723670	27.016628
118000	27.887000	42.561000	4.725810	21.795359
119250	27.381000	38.992200	4.727050	23.225185
120500	28.515000	41.755100	4.728330	22.116134
122000	28.825000	36.645000	4.728870	24.262346
123250	27.696000	30.014100	4.730710	27.643689
124500	26.266000	39.032100	4.730960	23.229909
125750	27.077000	40.757400	4.731190	22.523428
127250	27.729000	32.062700	4.732250	26.530673
128500	27.389000	32.433700	4.734100	26.347102
129750	25.948000	27.943500	4.733790	28.883865
131000	25.619000	40.075000	4.735290	22.820948
132250	26.221000	44.145700	4.735960	21.262501
133750	26.927000	31.456300	4.737740	26.889859
135000	25.507000	39.819700	4.737070	22.935172
136250	24.395000	40.088200	4.739230	22.836856
137500	24.721000	41.996500	4.738760	22.077619
139000	26.040000	39.920000	4.740460	22.912086
140250	25.216000	29.398300	4.741120	28.066321
141500	23.736000	30.355300	4.742340	27.527390
142750	23.231000	35.233700	4.743700	25.006640
144000	24.252000	39.254500	4.744750	23.211873
145500	24.186000	33.158400	4.746040	26.046437
146750	23.455000	29.266000	4.747630	28.186973
148000	22.001000	41.310100	4.749610	22.401939
149250	22.016000	41.751700	4.751070	22.236624
150750	22.883000	38.262300	4.720390	23.500216
152000	22.938000	39.124200	4.760310	23.351778
153250	20.882000	31.435100	4.767800	27.093118
154500	20.404000	38.684300	4.776640	23.629455
155750	21.096000	43.731500	4.789540	21.682684
157250	21.916000	28.796100	4.791300	28.757093
158500	20.418000	32.825300	4.798110	26.539594
159750	19.609000	29.233700	4.809030	28.614508
161000	19.647000	40.133600	4.811830	23.208156
162500	20.551000	41.457100	4.820410	22.714934
163750	20.236000	31.180900	4.832460	27.645027
165000	19.144000	39.649400	4.849260	23.613415
166250	17.827000	39.524500	4.862560	23.739074
167500	18.912000	44.631500	4.877290	21.789821
169000	19.308000	38.208900	4.887760	24.454110
170250	18.644000	28.589300	4.884190	29.509240
171500	16.801000	33.365500	4.889390	26.817710
172750	17.366000	39.067800	4.887590	24.073251
174250	18.085000	38.205400	4.894730	24.494740
175500	17.863000	33.145100	4.897170	26.981642
176750	16.438000	25.543700	4.906300	31.660428
178000	15.711000	39.193700	4.911470	24.149368
179250	16.112000	45.499100	4.931860	21.742754
180750	17.007000	34.994300	4.939660	26.282230
182000	15.897000	41.261700	4.944670	23.448556
183250	14.455000	33.456700	4.946220	27.117867
184500	14.387000	40.206600	4.949280	23.916841
186000	15.267000	43.728500	4.955100	22.519441
187250	15.493000	29.738300	4.962020	29.327008
188500	13.411000	31.208500	4.968050	28.498623
189750	13.103000	31.736500	4.974250	28.236588
191000	13.376000	41.111300	4.972510	23.658676
192500	14.274000	37.063200	4.976280	25.483503
193750	13.108000	31.840200	4.974890	28.181988
195000	12.104000	39.974500	4.978180	24.173046
196250	11.597000	40.160800	4.980950	24.107544
197750	12.624000	43.870900	4.981750	22.599657
199000	12.659000	39.328900	4.981860	24.475783
200250	11.364000	32.040600	4.982760	28.119228
201500	10.074000	34.289800	4.982380	26.900165
202750	10.774000	39.888200	4.982050	24.231689
204250	11.726000	34.589900	4.983510	26.751034
205500	10.765000	38.515800	4.983770	24.851325
206750	9.516000	27.094200	4.984280	31.161550
208000	9.226000	36.258900	4.982800	25.909443
209250	9.731000	46.493300	4.982890	21.634461
210750	10.169000	35.649400	4.986830	26.233595
212000	8.675000	43.419300	4.987690	22.805479
213250	7.389000	35.924100	4.988440	26.107148
214500	7.635000	41.117100	4.990050	23.750089
216000	8.687000	42.759200	4.903930	22.635455
217250	7.705000	34.680200	4.990040	26.744382
218500	6.140000	59.714300	4.990940	17.735365
219750	5.809000	45.871600	4.991940	21.902623
221000	6.730000	51.566300	4.994800	20.006695
222500	6.807000	60.180800	4.995720	17.639172
223750	5.757000	64.619500	4.997260	16.617464
225000	4.703000	59.882800	4.997670	17.720272
226250	4.991000	50.519000	5.001560	20.365756
227750	5.705000	58.944300	5.001960	17.971879
229000	5.329000	71.681100	5.003340	15.220001
230250	3.644000	71.474800	5.003790	15.259747
231500	3.211000	55.424500	5.006300	18.924881
232750	3.899000	57.844300	5.007850	18.278587
234250	4.533000	58.253800	5.009330	18.178128
235500	3.236000	70.664000	5.008650	15.428020
236750	2.610000	55.140600	5.010710	19.022879
238000	3.137000	51.143800	5.009590	20.204583
239500	3.582000	57.717700	5.008970	18.316268
240750	3.569000	66.395700	5.009540	16.281667
242000	2.529000	75.877900	5.009950	14.504432
243250	2.041000	53.061300	5.007470	19.609916
244500	3.143000	57.708300	5.005620	18.305193
246000	3.897000	61.500800	5.005860	17.360499
247250	2.981000	68.425400	5.004460	15.848391
248500	1.872000	64.538400	5.004760	16.663125
249750	2.571000	53.138700	5.006340	19.581980
251250	3.625000	53.229100	5.009200	19.567500
252500	3.563000	65.194000	5.011410	16.544505
253750	2.542000	72.561200	5.011170	15.085598
255000	2.427000	52.737100	5.012610	19.729104
256250	3.085000	53.396100	5.012020	19.530443
257750	4.017000	63.622700	5.012480	16.895168
259000	3.332000	73.215100	5.012660	14.973086
260250	2.507000	68.116000	5.011370	15.934653
261500	2.600000	54.089900	5.010570	19.321729
263000	3.887000	62.467400	5.010860	17.152936
264250	3.976000	63.578400	5.011080	16.899923
265500	2.691000	75.447400	5.012080	14.583680
266750	2.631000	56.651800	5.015470	18.626457
268000	3.478000	52.510900	5.015460	19.809606
269500	4.231000	59.111200	5.016840	17.988917
270750	3.718000	67.664500	5.015480	16.040486
272000	2.795000	70.904400	5.015250	15.405105
273250	2.908000	51.376200	5.015440	20.158058
274750	4.019000	59.615600	5.016340	17.860157
276000	4.199000	70.899400	5.016690	15.410850
277250	3.228000	75.743700	5.017230	14.550193
278500	2.632000	57.148700	5.017070	18.499709
279750	3.615000	55.687200	5.016640	18.895116
281250	4.386000	56.452900	5.016230	18.683284
282500	3.672000	75.073400	5.015520	14.658257
283750	2.855000	60.861800	5.015900	17.552342
285000	3.059000	51.256500	5.015780	20.196972
286500	3.876000	56.533100	5.015900	18.660218
287750	4.184000	64.356600	5.015610	16.743040
289000	3.294000	78.736000	5.016100	14.060343
290250	2.621000	52.850300	5.016340	19.711419
291500	3.424000	54.993300	5.017430	19.092625
293000	4.300000	63.680300	5.017770	16.901909
294250	3.846000	69.545400	5.018550	15.676592
295500	2.591000	72.381300	5.018620	15.143034
296750	3.128000	49.143500	5.019550	20.896080
298250	4.038000	53.435900	5.018940	19.548525
299500	4.230000	65.179500	5.019040	16.575469
