Time(ms)	Pres(dbar)	Temp(C)	Cond(S/m)	Sal(PSU)
1500	25.168000	26.599800	4.559830	28.507570
2750	25.154000	17.793100	4.558450	34.899124
4000	25.046000	-9.839000	4.559410	82.963594
5250	25.241000	10.243100	4.559200	42.509083
6750	25.029000	31.889600	4.561190	25.553020
8000	24.974000	31.134200	4.563270	25.956901
9250	25.160000	8.548600	4.565930	44.657921
10500	25.007000	-20.921500	4.565890	137.555067
11750	25.049000	26.653100	4.564900	28.510230
13250	25.157000	24.893200	4.565460	29.629516
14500	25.163000	23.009900	4.565350	30.905018
17000	24.914000	-41.109300	4.565450	977.022724
18250	24.931000	27.361200	4.564880	28.081033
19750	25.353000	27.340000	4.566670	28.105907
21000	25.147000	25.934400	4.566750	28.970147
22250	24.948000	-38.013900	4.568030	535.177258
23500	25.028000	18.406300	4.566840	34.450539
25000	25.257000	30.965600	4.566450	26.065689
26250	25.138000	24.779400	4.566380	29.710829
27500	25.019000	0.321600	4.566400	57.468082
28750	25.023000	-40.521100	4.566420	849.680708
30000	25.199000	23.953600	4.560340	30.217218
31500	25.327000	27.044900	4.560500	28.240996
32750	25.280000	17.390200	4.551500	35.187205
34000	24.898000	-7.375200	4.563630	75.427563
35250	24.970000	16.115600	4.565160	36.447825
36750	25.213000	31.041100	4.566060	26.023439
38000	25.178000	31.442200	4.566030	25.813638
39250	25.081000	6.170700	4.566460	47.863988
41750	24.858000	18.803800	4.564740	34.102256
43250	25.335000	26.497000	4.565780	28.612380
44500	25.034000	27.147500	4.565710	28.215080
45750	24.780000	-4.024900	4.567150	66.716532
47000	24.875000	-4.333700	4.567570	67.465510
48250	24.971000	28.392900	4.566880	27.488348
49750	25.058000	26.799900	4.566920	28.434405
51000	25.022000	26.625200	4.566830	28.540826
52250	25.024000	-12.556200	4.567390	92.994520
53500	25.094000	20.446700	4.566840	32.806223
55000	25.271000	31.189800	4.566530	25.948353
56250	25.239000	24.304400	4.565570	30.019798
57500	24.925000	0.799300	4.565660	56.564740
58750	24.920000	-34.474400	4.564050	346.823341
60000	25.060000	24.678900	4.563210	29.753942
61500	25.194000	27.117700	4.562640	28.211842
62750	25.047000	15.477600	4.563370	37.025870
64000	24.523000	-25.389200	4.565500	176.212558
65250	25.074000	11.727300	4.558250	40.806116
66750	25.257000	30.129200	4.560980	26.478015
68000	25.110000	31.259200	4.562010	25.883529
69250	24.689000	15.366800	4.561500	37.113721
71750	25.143000	19.511600	4.561970	33.503405
73250	25.035000	27.792500	4.562140	27.806300
74500	24.909000	32.272700	4.562200	25.364959
75750	24.919000	3.755600	4.564340	51.473744
77000	24.803000	-7.349400	4.564170	75.363881
78250	24.584000	27.515300	4.565280	27.991905
79750	24.078000	26.897100	4.566570	28.372961
81000	24.114000	29.671700	4.566350	26.763427
82250	24.185000	-3.789900	4.566850	66.155965
83500	23.972000	21.252100	4.567500	32.197877
85000	23.797000	30.217600	4.567320	26.471405
86250	23.554000	25.993600	4.567300	28.937187
87500	23.373000	-0.134200	4.567700	58.361210
88750	23.396000	5.010800	4.567610	49.573743
90000	23.415000	27.337300	4.567390	28.112946
91500	23.206000	29.652800	4.567620	26.782360
92750	22.918000	18.890200	4.567820	34.057502
94000	22.698000	15.750700	4.567780	36.810506
95250	22.566000	20.961900	4.567750	32.419373
96750	22.725000	29.025400	4.567510	27.132062
98000	22.217000	28.842500	4.567640	27.236623
99250	21.981000	18.187100	4.567840	34.644818
100500	22.011000	8.973800	4.568170	44.147782
101750	21.833000	28.907900	4.567880	27.201190
103250	21.745000	24.484600	4.567970	29.918223
104500	21.109000	26.094800	4.568610	28.883539
105750	20.968000	-4.124800	4.569020	66.991225
107000	20.892000	20.838300	4.568830	32.522576
108500	20.791000	31.228400	4.568780	25.943324
109750	20.668000	23.413700	4.569060	30.652906
111000	20.133000	23.654200	4.569040	30.487248
112250	19.885000	5.902900	4.569330	48.284867
113500	19.955000	31.840700	4.568790	25.626505
115000	19.409000	30.921400	4.569210	26.107833
116250	19.290000	20.946700	4.569420	32.445254
117500	18.935000	2.371700	4.570000	53.836475
118750	18.423000	19.536000	4.569860	33.551043
120250	18.687000	28.870500	4.570030	27.237417
121500	18.326000	26.585000	4.570160	28.590503
122750	18.263000	11.662400	4.570480	41.004794
124000	17.513000	6.789000	4.572430	47.072176
125250	17.330000	29.822800	4.572360	26.720922
126750	17.049000	28.084600	4.573500	27.713862
128000	16.828000	31.226300	4.573980	25.978146
129250	16.493000	6.402400	4.574300	47.634475
130500	16.256000	21.584000	4.575120	32.012405
132000	16.004000	33.371600	4.583220	24.950135
133250	15.487000	22.997600	4.593060	31.126380
134500	15.323000	18.585000	4.599610	34.580671
135750	15.395000	10.231800	4.601940	42.977288
137000	14.880000	28.855800	4.607840	27.498128
138500	14.565000	27.974400	4.609840	28.025322
139750	14.598000	22.100700	4.616270	31.951354
141000	14.020000	20.971700	4.634600	32.946164
142250	13.942000	23.612800	4.631340	30.982948
143750	13.617000	34.632400	4.668920	24.854686
145000	13.352000	31.141100	4.659790	26.568187
146250	13.068000	19.150200	4.681380	34.792550
147500	13.086000	17.730200	4.712770	36.287933
148750	13.084000	32.717000	4.707360	26.037688
150250	12.738000	26.001800	4.741050	30.167228
151500	12.360000	28.134400	4.744780	28.845635
152750	12.331000	11.017000	4.765980	43.753322
154000	11.682000	23.305200	4.782610	32.342121
155250	11.546000	35.388900	4.761930	25.041628
156750	11.309000	26.792500	4.758470	29.777926
158000	11.398000	28.175700	4.787360	29.109875
159250	10.931000	16.422500	4.792140	38.199315
160500	10.904000	33.446800	4.784700	26.137514
162000	10.571000	33.504700	4.798100	26.189522
163250	10.277000	25.055200	4.803240	31.252336
164500	9.891000	16.060100	4.812810	38.737608
165750	9.314000	19.369100	4.770020	35.347265
167000	9.490000	31.574900	4.832250	27.427427
168500	9.052000	27.512100	4.834910	29.850651
169750	8.701000	20.451800	4.834590	34.971093
171000	8.199000	19.324000	4.859900	36.135639
172250	8.370000	32.193900	4.894990	27.482949
173750	7.856000	32.102900	4.928370	27.742749
175000	7.769000	33.518700	4.919120	26.920738
176250	7.395000	16.617600	4.937370	39.313414
177500	7.107000	23.856600	4.943190	33.148310
178750	6.976000	36.237200	4.954320	25.755263
180250	6.684000	26.562400	4.961260	31.357967
181500	6.783000	25.988600	4.925180	31.492110
182750	6.263000	11.828800	4.988390	45.063566
184000	6.116000	30.695200	4.971740	28.822562
185500	5.912000	34.039100	4.986360	27.056284
186750	5.624000	28.631100	5.019050	30.399159
188000	5.344000	28.002200	5.035970	30.921040
189250	4.999000	22.786900	5.037480	34.690298
190500	4.746000	38.008300	5.056370	25.492709
192000	4.486000	34.259500	5.054060	27.349945
193250	4.468000	24.792800	5.062900	33.346823
194500	3.952000	15.433000	5.049580	41.552959
195750	4.164000	30.066400	5.079280	29.903662
197250	3.954000	31.785700	5.088340	28.935252
198500	3.602000	31.749300	5.084090	28.929423
199750	3.303000	13.335600	5.074070	44.124996
201000	3.232000	18.554800	5.073620	38.643569
202250	2.933000	34.814000	5.081280	27.221831
203750	2.577000	30.687900	5.013380	29.097816
205000	2.286000	34.297300	5.095250	27.579369
206250	1.903000	5.601300	5.089740	55.090782
207500	1.731000	26.074700	5.088390	32.604597
209000	1.458000	36.466700	5.093250	26.449022
210250	1.309000	29.583200	5.100840	30.347521
211500	0.712000	20.068800	5.107370	37.539817
212750	0.649000	4.963700	5.107810	56.394960
214000	0.748000	30.756500	5.108530	29.675434
215500	0.889000	31.265000	5.106700	29.359074
216750	0.768000	24.623800	5.102600	33.768192
218000	0.639000	17.946500	5.098570	39.442111
219250	0.713000	21.706200	5.099730	36.060735
220750	0.918000	36.208800	5.102490	26.631817
222000	1.174000	36.970400	5.108770	26.289662
223250	1.332000	22.394500	5.110570	35.576309
224500	1.857000	14.828100	5.122490	42.894790
225750	2.008000	34.367200	5.119340	27.687691
227250	2.623000	29.539600	5.123080	30.522988
228500	3.148000	30.191600	5.122090	30.108744
229750	3.471000	2.714900	5.119410	60.636403
231000	3.998000	23.136400	5.118710	35.039654
232500	4.331000	38.323700	5.110300	25.647209
233750	4.927000	27.103400	5.115950	32.080672
235000	5.393000	30.733300	5.113080	29.717945
236250	5.487000	-10.922900	5.113470	99.337130
237500	5.910000	34.867800	5.110200	27.366059
239000	6.292000	37.205700	5.108250	26.170605
240250	6.385000	34.318800	5.106350	27.634160
241500	6.443000	-2.982500	5.097030	73.001752
242750	6.866000	20.073200	5.073060	37.249741
244250	7.436000	33.410300	5.058180	27.831246
245500	7.524000	27.284500	5.073440	31.658151
246750	7.795000	10.911700	5.056360	46.919903
248000	8.172000	6.550400	5.042610	52.980068
249250	8.683000	29.138600	5.038670	30.209353
250750	9.171000	34.129400	5.042730	27.349433
252000	9.572000	35.200100	5.033260	26.734583
253250	9.828000	9.862800	5.038710	48.114246
254500	10.363000	11.968700	4.970260	44.706372
256000	11.002000	35.406200	4.904500	25.870245
257250	11.419000	29.473000	4.905150	29.111605
258500	11.735000	20.132200	4.876700	35.580653
259750	12.110000	-23.641100	4.869940	173.700781
261000	12.804000	26.337800	4.857530	30.772252
262500	13.410000	32.798600	4.871730	27.010042
263750	13.722000	25.313300	4.893480	31.728626
265000	13.809000	16.645200	4.887140	38.833591
266250	14.147000	-8.463600	4.839040	84.241305
267500	14.804000	36.782700	4.772860	24.453116
269000	15.451000	33.871800	4.709570	25.467534
270250	15.720000	10.367300	4.714110	43.995032
271500	15.848000	-31.749600	4.767400	293.729097
272750	16.274000	25.248300	4.717600	30.497937
274250	16.707000	28.597400	4.701280	28.272916
275500	17.011000	28.561400	4.678560	28.141588
276750	16.845000	-8.266800	4.687070	80.532383
278000	17.126000	-5.807300	4.654090	72.755931
279250	17.745000	30.010900	4.614470	26.891135
280750	18.177000	27.659500	4.659900	28.554072
282000	18.440000	25.668700	4.651340	29.743623
284500	18.982000	5.743000	4.620150	49.127865
286000	19.276000	32.554100	4.647310	25.749473
287250	19.877000	26.919900	4.600150	28.592959
288500	19.737000	16.949900	4.603290	36.030222
291000	19.920000	11.135800	4.599400	41.892188
292500	20.591000	29.554900	4.586810	26.962811
293750	20.669000	26.895400	4.594750	28.570313
295000	20.806000	21.271100	4.597880	32.424253
297500	21.240000	19.806800	4.587720	33.479712
299000	21.465000	32.358200	4.601110	25.563195
